# W_Value Elastic Inelastic
1.00000000e+01	6.56681754e+01	4.56631261e+02
1.01536577e+01	6.35730962e+01	4.43825217e+02
1.03096764e+01	6.15392399e+01	4.31346674e+02
1.04680925e+01	5.95650675e+01	4.19188699e+02
1.06289427e+01	5.76490641e+01	4.07344380e+02
1.07922646e+01	5.57897396e+01	3.95806862e+02
1.09580960e+01	5.39856291e+01	3.84569277e+02
1.11264755e+01	5.22352941e+01	3.73624947e+02
1.12974423e+01	5.05373223e+01	3.62967336e+02
1.14710362e+01	4.88903284e+01	3.52589818e+02
1.16472974e+01	4.72929541e+01	3.42485950e+02
1.18262671e+01	4.57438684e+01	3.32649475e+02
1.20079867e+01	4.42417676e+01	3.23074147e+02
1.21924986e+01	4.27853754e+01	3.13753836e+02
1.23798457e+01	4.13734429e+01	3.04682507e+02
1.25700715e+01	4.00047483e+01	2.95854267e+02
1.27632203e+01	3.86780971e+01	2.87263250e+02
1.29593369e+01	3.73923215e+01	2.78903752e+02
1.31584671e+01	3.61462808e+01	2.70770249e+02
1.33606570e+01	3.49388605e+01	2.62857219e+02
1.35659537e+01	3.37689721e+01	2.55159287e+02
1.37744050e+01	3.26355534e+01	2.47648091e+02
1.39860593e+01	3.15375676e+01	2.40341165e+02
1.42009658e+01	3.04740028e+01	2.33257251e+02
1.44191745e+01	2.94438723e+01	2.26367912e+02
1.46407361e+01	2.84462137e+01	2.19668261e+02
1.48657023e+01	2.74800886e+01	2.13153576e+02
1.50941252e+01	2.65445824e+01	2.06819186e+02
1.53260580e+01	2.56388035e+01	2.00660553e+02
1.55615546e+01	2.47618832e+01	1.94673210e+02
1.58006698e+01	2.39129754e+01	1.88852783e+02
1.60434592e+01	2.30912556e+01	1.83195027e+02
1.62899792e+01	2.22959211e+01	1.77695691e+02
1.65402872e+01	2.15261902e+01	1.72350718e+02
1.67944414e+01	2.07813018e+01	1.67156193e+02
1.70525008e+01	2.00605153e+01	1.62108180e+02
1.73145256e+01	1.93631095e+01	1.57202850e+02
1.75805765e+01	1.86883829e+01	1.52436471e+02
1.78507155e+01	1.80356529e+01	1.47805449e+02
1.81250054e+01	1.74042553e+01	1.43306202e+02
1.84035100e+01	1.67935441e+01	1.38935263e+02
1.86862941e+01	1.62028911e+01	1.34689247e+02
1.89734233e+01	1.56316853e+01	1.30564816e+02
1.92649644e+01	1.50793325e+01	1.26558825e+02
1.95609854e+01	1.45452551e+01	1.22668117e+02
1.98615549e+01	1.40288918e+01	1.18889575e+02
2.01667429e+01	1.35296966e+01	1.15220204e+02
2.04766203e+01	1.30471392e+01	1.11657059e+02
2.07912593e+01	1.25807041e+01	1.08197281e+02
2.11107329e+01	1.21298904e+01	1.04838100e+02
2.14351155e+01	1.16942115e+01	1.01576803e+02
2.17644825e+01	1.12731946e+01	9.84107271e+01
2.20989104e+01	1.08663806e+01	9.53372939e+01
2.24384771e+01	1.04733234e+01	9.23539875e+01
2.27832615e+01	1.00935898e+01	8.94583356e+01
2.31333437e+01	9.72675922e+00	8.66479247e+01
2.34888053e+01	9.37242324e+00	8.39204109e+01
2.38497287e+01	9.03018531e+00	8.12735345e+01
2.42161981e+01	8.69966048e+00	7.87050838e+01
2.45882985e+01	8.38047509e+00	7.62128805e+01
2.49661165e+01	8.07226646e+00	7.37948034e+01
2.53497400e+01	7.77468258e+00	7.14488003e+01
2.57392582e+01	7.48738189e+00	6.91728541e+01
2.61347616e+01	7.21003295e+00	6.69650076e+01
2.65363422e+01	6.94231416e+00	6.48233682e+01
2.69440935e+01	6.68391355e+00	6.27460850e+01
2.73581101e+01	6.43452848e+00	6.07313634e+01
2.77784884e+01	6.19386538e+00	5.87774330e+01
2.82053261e+01	5.96163955e+00	5.68825774e+01
2.86387226e+01	5.73757490e+00	5.50451253e+01
2.90787785e+01	5.52140364e+00	5.32634339e+01
2.95255962e+01	5.31286617e+00	5.15359221e+01
2.99792796e+01	5.11171076e+00	4.98610542e+01
3.04399342e+01	4.91769341e+00	4.82373380e+01
3.09076670e+01	4.73057756e+00	4.66633101e+01
3.13825870e+01	4.55013392e+00	4.51375463e+01
3.18648045e+01	4.37614029e+00	4.36586580e+01
3.23544316e+01	4.20838129e+00	4.22252934e+01
3.28515822e+01	4.04664827e+00	4.08361422e+01
3.33563720e+01	3.89073900e+00	3.94899257e+01
3.38689181e+01	3.74045760e+00	3.81854111e+01
3.43893400e+01	3.59561427e+00	3.69213793e+01
3.49177586e+01	3.45602514e+00	3.56966538e+01
3.54542967e+01	3.32151215e+00	3.45100929e+01
3.59990791e+01	3.19190285e+00	3.33605681e+01
3.65522325e+01	3.06703022e+00	3.22470075e+01
3.71138855e+01	2.94673250e+00	3.11683668e+01
3.76841688e+01	2.83085312e+00	3.01236064e+01
3.82632149e+01	2.71924043e+00	2.91117261e+01
3.88511585e+01	2.61174767e+00	2.81317617e+01
3.94481363e+01	2.50823275e+00	2.71827693e+01
4.00542871e+01	2.40855813e+00	2.62638280e+01
4.06697519e+01	2.31259070e+00	2.53740429e+01
4.12946738e+01	2.22020166e+00	2.45125452e+01
4.19291981e+01	2.13126635e+00	2.36784918e+01
4.25734723e+01	2.04566416e+00	2.28710595e+01
4.32276463e+01	1.96327839e+00	2.20894646e+01
4.38918722e+01	1.88399616e+00	2.13329318e+01
4.45663044e+01	1.80770826e+00	2.06007009e+01
4.52510998e+01	1.73430907e+00	1.98920432e+01
4.59464176e+01	1.66369644e+00	1.92062365e+01
4.66524195e+01	1.59577156e+00	1.85425978e+01
4.73692697e+01	1.53043890e+00	1.79004583e+01
4.80971348e+01	1.46760611e+00	1.72791613e+01
4.88361841e+01	1.40718386e+00	1.66780760e+01
4.95865894e+01	1.34908582e+00	1.60965818e+01
5.03485253e+01	1.29322853e+00	1.55340816e+01
5.11221690e+01	1.23953134e+00	1.49899857e+01
5.19077003e+01	1.18791628e+00	1.44637319e+01
5.27053018e+01	1.13830799e+00	1.39547783e+01
5.35151591e+01	1.09063368e+00	1.34625881e+01
5.43374605e+01	1.04482300e+00	1.29866458e+01
5.51723972e+01	1.00080800e+00	1.25264500e+01
5.60201634e+01	9.58523011e-01	1.20815113e+01
5.68809561e+01	9.17904636e-01	1.16513545e+01
5.77549755e+01	8.78891612e-01	1.12355169e+01
5.86424249e+01	8.41424785e-01	1.08335508e+01
5.95435107e+01	8.05447026e-01	1.04450265e+01
6.04584423e+01	7.70903176e-01	1.00695231e+01
6.13874326e+01	7.37739974e-01	9.70663040e+00
6.23306975e+01	7.05906003e-01	9.35595213e+00
6.32884564e+01	6.75351629e-01	9.01710387e+00
6.42609320e+01	6.46028941e-01	8.68971205e+00
6.52483504e+01	6.17891701e-01	8.37341049e+00
6.62509413e+01	5.90895283e-01	8.06784972e+00
6.72689377e+01	5.64996629e-01	7.77269029e+00
6.83025765e+01	5.40154190e-01	7.48760055e+00
6.93520978e+01	5.16327882e-01	7.21225842e+00
7.04177459e+01	4.93479033e-01	6.94634991e+00
7.14997685e+01	4.71570343e-01	6.68957516e+00
7.25984172e+01	4.50565835e-01	6.44164092e+00
7.37139475e+01	4.30430811e-01	6.20226223e+00
7.48466187e+01	4.11131814e-01	5.97116369e+00
7.59966943e+01	3.92636581e-01	5.74807717e+00
7.71644417e+01	3.74914011e-01	5.53274225e+00
7.83501325e+01	3.57934116e-01	5.32490797e+00
7.95540423e+01	3.41667994e-01	5.12433222e+00
8.07764510e+01	3.26087786e-01	4.93077733e+00
8.20176431e+01	3.11166645e-01	4.74401092e+00
8.32779069e+01	2.96878696e-01	4.56381180e+00
8.45575357e+01	2.83199012e-01	4.38996618e+00
8.58568270e+01	2.70103575e-01	4.22226510e+00
8.71760829e+01	2.57569247e-01	4.06050601e+00
8.85156102e+01	2.45573741e-01	3.90449273e+00
8.98757203e+01	2.34095592e-01	3.75403473e+00
9.12567296e+01	2.23114126e-01	3.60894733e+00
9.26589591e+01	2.12609438e-01	3.46905266e+00
9.40827350e+01	2.02562362e-01	3.33417780e+00
9.55283882e+01	1.92954445e-01	3.20415519e+00
9.69962551e+01	1.83767926e-01	3.07882226e+00
9.84866768e+01	1.74985707e-01	2.95802192e+00
1.00000000e+02	1.66591332e-01	2.84160100e+00
1.01536577e+02	1.58568969e-01	2.72941261e+00
1.03096764e+02	1.50903380e-01	2.62131499e+00
1.04680925e+02	1.43579908e-01	2.51716818e+00
1.06289427e+02	1.36584452e-01	2.41683809e+00
1.07922646e+02	1.29903447e-01	2.32019549e+00
1.09580960e+02	1.23523849e-01	2.22711511e+00
1.11264755e+02	1.17433113e-01	2.13747520e+00
1.12974423e+02	1.11619178e-01	2.05115729e+00
1.14710362e+02	1.06070445e-01	1.96804686e+00
1.16472974e+02	1.00775768e-01	1.88803314e+00
1.18262671e+02	9.57244300e-02	1.81101042e+00
1.20079867e+02	9.09061328e-02	1.73687569e+00
1.21924986e+02	8.63109798e-02	1.66552809e+00
1.23798457e+02	8.19294622e-02	1.59687118e+00
1.25700715e+02	7.77524445e-02	1.53081127e+00
1.27632203e+02	7.37711511e-02	1.46725754e+00
1.29593369e+02	6.99771535e-02	1.40612187e+00
1.31584671e+02	6.63623571e-02	1.34731946e+00
1.33606570e+02	6.29189895e-02	1.29076822e+00
1.35659537e+02	5.96395882e-02	1.23638899e+00
1.37744050e+02	5.65169895e-02	1.18410511e+00
1.39860593e+02	5.35443174e-02	1.13384192e+00
1.42009658e+02	5.07149729e-02	1.08552790e+00
1.44191745e+02	4.80226238e-02	1.03909350e+00
1.46407361e+02	4.54611944e-02	9.94471375e-01
1.48657023e+02	4.30248567e-02	9.51596595e-01
1.50941252e+02	4.07080202e-02	9.10406435e-01
1.53260580e+02	3.85053236e-02	8.70840091e-01
1.55615546e+02	3.64116260e-02	8.32838989e-01
1.58006698e+02	3.44219984e-02	7.96346808e-01
1.60434592e+02	3.25317159e-02	7.61308279e-01
1.62899792e+02	3.07362497e-02	7.27669809e-01
1.65402872e+02	2.90312601e-02	6.95380569e-01
1.67944414e+02	2.74125884e-02	6.64391412e-01
1.70525008e+02	2.58762510e-02	6.34654475e-01
1.73145256e+02	2.44184318e-02	6.06123604e-01
1.75805765e+02	2.30354761e-02	5.78754166e-01
1.78507155e+02	2.17238845e-02	5.52503152e-01
1.81250054e+02	2.04803064e-02	5.27328808e-01
1.84035100e+02	1.93015347e-02	5.03190911e-01
1.86862941e+02	1.81844999e-02	4.80050719e-01
1.89734233e+02	1.71262647e-02	4.57870738e-01
1.92649644e+02	1.61240189e-02	4.36614756e-01
1.95609854e+02	1.51750744e-02	4.16247974e-01
1.98615549e+02	1.42768602e-02	3.96736690e-01
2.01667429e+02	1.34269178e-02	3.78048275e-01
2.04766203e+02	1.26228969e-02	3.60151322e-01
2.07912593e+02	1.18625508e-02	3.43015451e-01
2.11107329e+02	1.11437325e-02	3.26611419e-01
2.14351155e+02	1.04643904e-02	3.10911145e-01
2.17644825e+02	9.82256462e-03	2.95887332e-01
2.20989104e+02	9.21638325e-03	2.81513688e-01
2.24384771e+02	8.64405877e-03	2.67765027e-01
2.27832615e+02	8.10388457e-03	2.54616646e-01
2.31333437e+02	7.59423165e-03	2.42044958e-01
2.34888053e+02	7.11354541e-03	2.30027418e-01
2.38497287e+02	6.66034259e-03	2.18542068e-01
2.42161981e+02	6.23320829e-03	2.07567825e-01
2.45882985e+02	5.83079317e-03	1.97084306e-01
2.49661165e+02	5.45181064e-03	1.87071884e-01
2.53497400e+02	5.09503427e-03	1.77511566e-01
2.57392582e+02	4.75929526e-03	1.68385084e-01
2.61347616e+02	4.44347996e-03	1.59674961e-01
2.65363422e+02	4.14652759e-03	1.51364249e-01
2.69440935e+02	3.86742793e-03	1.43436614e-01
2.73581101e+02	3.60521919e-03	1.35876390e-01
2.77784884e+02	3.35898589e-03	1.28668464e-01
2.82053261e+02	3.12785691e-03	1.21798252e-01
2.86387226e+02	2.91100353e-03	1.15251689e-01
2.90787785e+02	2.70763760e-03	1.09015242e-01
2.95255962e+02	2.51700975e-03	1.03075947e-01
2.99792796e+02	2.33840770e-03	9.74213196e-02
3.04399342e+02	2.17115462e-03	9.20392956e-02
3.09076670e+02	2.01460757e-03	8.69183072e-02
3.13825870e+02	1.86815595e-03	8.20472068e-02
3.18648045e+02	1.73122011e-03	7.74152763e-02
3.23544316e+02	1.60324990e-03	7.30121945e-02
3.28515822e+02	1.48372339e-03	6.88280457e-02
3.33563720e+02	1.37214556e-03	6.48533111e-02
3.38689181e+02	1.26804706e-03	6.10788409e-02
3.43893400e+02	1.17098308e-03	5.74958134e-02
3.49177586e+02	1.08053215e-03	5.40957395e-02
3.54542967e+02	9.96295133e-04	5.08704589e-02
3.59990791e+02	9.17894122e-04	4.78121237e-02
3.65522325e+02	8.44971481e-04	4.49132782e-02
3.71138855e+02	7.77188881e-04	4.21667272e-02
3.76841688e+02	7.14226381e-04	3.95655194e-02
3.82632149e+02	6.55781555e-04	3.71030119e-02
3.88511585e+02	6.01568655e-04	3.47728165e-02
3.94481363e+02	5.51317801e-04	3.25687686e-02
4.00542871e+02	5.04774214e-04	3.04849842e-02
4.06697519e+02	4.61697481e-04	2.85158469e-02
4.12946738e+02	4.21860844e-04	2.66559642e-02
4.19291981e+02	3.85050527e-04	2.49001054e-02
4.25734723e+02	3.51065089e-04	2.32432815e-02
4.32276463e+02	3.19714806e-04	2.16807619e-02
4.38918722e+02	2.90821079e-04	2.02079546e-02
4.45663044e+02	2.64215865e-04	1.88204722e-02
4.52510998e+02	2.39741142e-04	1.75141226e-02
4.59464176e+02	2.17248386e-04	1.62848897e-02
4.66524195e+02	1.96598076e-04	1.51289194e-02
4.73692697e+02	1.77659229e-04	1.40425225e-02
4.80971348e+02	1.60308938e-04	1.30221558e-02
4.88361841e+02	1.44431949e-04	1.20644516e-02
4.95865894e+02	1.29920246e-04	1.11661827e-02
5.03485253e+02	1.16672658e-04	1.03242492e-02
5.11221690e+02	1.04594485e-04	9.53571162e-03
5.19077003e+02	9.35971382e-05	8.79774452e-03
5.27053018e+02	8.35978012e-05	8.10764466e-03
5.35151591e+02	7.45191038e-05	7.46282444e-03
5.43374605e+02	6.62888121e-05	6.86082382e-03
5.51723972e+02	5.88395332e-05	6.29931007e-03
5.60201634e+02	5.21084351e-05	5.77603455e-03
5.68809561e+02	4.60369786e-05	5.28884797e-03
5.77549755e+02	4.05706638e-05	4.83571236e-03
5.86424249e+02	3.56587885e-05	4.41468219e-03
5.95435107e+02	3.12542192e-05	4.02389704e-03
6.04584423e+02	2.73131734e-05	3.66159109e-03
6.13874326e+02	2.37950141e-05	3.32608778e-03
6.23306975e+02	2.06620542e-05	3.01578216e-03
6.32884564e+02	1.78793725e-05	2.72914796e-03
6.42609320e+02	1.54146389e-05	2.46473343e-03
6.52483504e+02	1.32379505e-05	2.22115892e-03
6.62509413e+02	1.13216743e-05	1.99711187e-03
6.72689377e+02	9.64030578e-06	1.79134696e-03
6.83025765e+02	8.17033151e-06	1.60267955e-03
6.93520978e+02	6.89009648e-06	1.42998847e-03
7.04177459e+02	5.77968577e-06	1.27221059e-03
7.14997685e+02	4.82081063e-06	1.12833451e-03
7.25984172e+02	3.99670541e-06	9.97403408e-04
7.37139475e+02	3.29202901e-06	8.78512485e-04
7.48466187e+02	2.69277036e-06	7.70804620e-04
7.59966943e+02	2.18616387e-06	6.73467452e-04
7.71644417e+02	1.76060914e-06	5.85734509e-04
7.83501325e+02	1.40559587e-06	5.06882136e-04
7.95540423e+02	1.11163338e-06	4.36225884e-04
8.07764510e+02	8.70184356e-07	3.73121017e-04
8.20176431e+02	6.73601567e-07	3.16960072e-04
8.32779069e+02	5.15069687e-07	2.67170455e-04
8.45575357e+02	3.88548341e-07	2.23213780e-04
8.58568270e+02	2.88716154e-07	1.84583439e-04
8.71760829e+02	2.10918089e-07	1.50803483e-04
8.85156102e+02	1.51114352e-07	1.21427304e-04
8.98757203e+02	1.05831797e-07	9.60361559e-05
9.12567296e+02	7.21132998e-08	7.42380124e-05
9.26589591e+02	4.74674578e-08	5.56662101e-05
9.40827350e+02	2.98237353e-08	3.99782652e-05
9.55283882e+02	1.74858128e-08	2.68547385e-05
9.69962551e+02	9.08477404e-09	1.59981948e-05
9.84866768e+02	3.53648683e-09	7.13215045e-06
