# W_Value Elastic Inelastic
1.00000000e+01	3.77674593e+02	2.99636448e+02
1.01536577e+01	3.63369140e+02	2.89356290e+02
1.03096764e+01	3.49591161e+02	2.79417860e+02
1.04680925e+01	3.36321667e+02	2.69853719e+02
1.06289427e+01	3.23542338e+02	2.60609742e+02
1.07922646e+01	3.11235503e+02	2.51675396e+02
1.09580960e+01	2.99384110e+02	2.43040492e+02
1.11264755e+01	2.87971714e+02	2.34695230e+02
1.12974423e+01	2.76982446e+02	2.26630178e+02
1.14710362e+01	2.66401003e+02	2.18836058e+02
1.16472974e+01	2.56212621e+02	2.11303913e+02
1.18262671e+01	2.46403059e+02	2.04025125e+02
1.20079867e+01	2.36958579e+02	1.96991316e+02
1.21924986e+01	2.27865935e+02	1.90194449e+02
1.23798457e+01	2.19112346e+02	1.83626683e+02
1.25700715e+01	2.10685487e+02	1.77280399e+02
1.27632203e+01	2.02573472e+02	1.71148301e+02
1.29593369e+01	1.94764835e+02	1.65223302e+02
1.31584671e+01	1.87248522e+02	1.59498533e+02
1.33606570e+01	1.80013868e+02	1.53967368e+02
1.35659537e+01	1.73050593e+02	1.48623381e+02
1.37744050e+01	1.66348779e+02	1.43460656e+02
1.39860593e+01	1.59898867e+02	1.38472897e+02
1.42009658e+01	1.53691634e+02	1.33653992e+02
1.44191745e+01	1.47718192e+02	1.28998692e+02
1.46407361e+01	1.41969968e+02	1.24501467e+02
1.48657023e+01	1.36438696e+02	1.20156977e+02
1.50941252e+01	1.31116408e+02	1.15960240e+02
1.53260580e+01	1.25995419e+02	1.11906308e+02
1.55615546e+01	1.21068323e+02	1.07990406e+02
1.58006698e+01	1.16327977e+02	1.04207968e+02
1.60434592e+01	1.11767497e+02	1.00554580e+02
1.62899792e+01	1.07380246e+02	9.70259257e+01
1.65402872e+01	1.03159825e+02	9.36178031e+01
1.67944414e+01	9.91000673e+01	9.03262112e+01
1.70525008e+01	9.51950273e+01	8.71472581e+01
1.73145256e+01	9.14389745e+01	8.40771694e+01
1.75805765e+01	8.78263851e+01	8.11122976e+01
1.78507155e+01	8.43519353e+01	7.82491188e+01
1.81250054e+01	8.10104936e+01	7.54842233e+01
1.84035100e+01	7.77971147e+01	7.28143074e+01
1.86862941e+01	7.47070322e+01	7.02361817e+01
1.89734233e+01	7.17356527e+01	6.77467585e+01
1.92649644e+01	6.88785495e+01	6.53430724e+01
1.95609854e+01	6.61314569e+01	6.30223868e+01
1.98615549e+01	6.34902641e+01	6.07817506e+01
2.01667429e+01	6.09510100e+01	5.86183136e+01
2.04766203e+01	5.85098779e+01	5.65296714e+01
2.07912593e+01	5.61631900e+01	5.45132626e+01
2.11107329e+01	5.39074030e+01	5.25665833e+01
2.14351155e+01	5.17391027e+01	5.06873263e+01
2.17644825e+01	4.96550000e+01	4.88732327e+01
2.20989104e+01	4.76519259e+01	4.71220746e+01
2.24384771e+01	4.57268275e+01	4.54317112e+01
2.27832615e+01	4.38767640e+01	4.38001153e+01
2.31333437e+01	4.20989021e+01	4.22253075e+01
2.34888053e+01	4.03905129e+01	4.07053490e+01
2.38497287e+01	3.87489676e+01	3.92383681e+01
2.42161981e+01	3.71717342e+01	3.78225756e+01
2.45882985e+01	3.56563739e+01	3.64562358e+01
2.49661165e+01	3.42005377e+01	3.51376522e+01
2.53497400e+01	3.28019633e+01	3.38652128e+01
2.57392582e+01	3.14584721e+01	3.26373519e+01
2.61347616e+01	3.01679658e+01	3.14525351e+01
2.65363422e+01	2.89284238e+01	3.03092976e+01
2.69440935e+01	2.77379002e+01	2.92062832e+01
2.73581101e+01	2.65945215e+01	2.81420589e+01
2.77784884e+01	2.54964835e+01	2.71152379e+01
2.82053261e+01	2.44420492e+01	2.61245892e+01
2.86387226e+01	2.34295459e+01	2.51688920e+01
2.90787785e+01	2.24573634e+01	2.42469603e+01
2.95255962e+01	2.15239514e+01	2.33575916e+01
2.99792796e+01	2.06278172e+01	2.24996608e+01
3.04399342e+01	1.97675242e+01	2.16721114e+01
3.09076670e+01	1.89416892e+01	2.08739011e+01
3.13825870e+01	1.81489808e+01	2.01040174e+01
3.18648045e+01	1.73881174e+01	1.93614783e+01
3.23544316e+01	1.66578657e+01	1.86453441e+01
3.28515822e+01	1.59570383e+01	1.79547175e+01
3.33563720e+01	1.52844926e+01	1.72887131e+01
3.38689181e+01	1.46391291e+01	1.66464766e+01
3.43893400e+01	1.40198894e+01	1.60271920e+01
3.49177586e+01	1.34257549e+01	1.54300612e+01
3.54542967e+01	1.28557459e+01	1.48543143e+01
3.59990791e+01	1.23089192e+01	1.42992109e+01
3.65522325e+01	1.17843677e+01	1.37640381e+01
3.71138855e+01	1.12812184e+01	1.32481035e+01
3.76841688e+01	1.07986312e+01	1.27507350e+01
3.82632149e+01	1.03357982e+01	1.22712849e+01
3.88511585e+01	9.89194204e+00	1.18091315e+01
3.94481363e+01	9.46631488e+00	1.13636701e+01
4.00542871e+01	9.05819740e+00	1.09343155e+01
4.06697519e+01	8.66689765e+00	1.05205148e+01
4.12946738e+01	8.29175010e+00	1.01217250e+01
4.19291981e+01	7.93211464e+00	9.73740168e+00
4.25734723e+01	7.58737565e+00	9.36703683e+00
4.32276463e+01	7.25694106e+00	9.01015161e+00
4.38918722e+01	6.94024152e+00	8.66627126e+00
4.45663044e+01	6.63672951e+00	8.33493704e+00
4.52510998e+01	6.34587858e+00	8.01571206e+00
4.59464176e+01	6.06718249e+00	7.70816856e+00
4.66524195e+01	5.80015455e+00	7.41189159e+00
4.73692697e+01	5.54432683e+00	7.12648253e+00
4.80971348e+01	5.29924947e+00	6.85155469e+00
4.88361841e+01	5.06449001e+00	6.58673205e+00
4.95865894e+01	4.83963270e+00	6.33167004e+00
5.03485253e+01	4.62427795e+00	6.08603140e+00
5.11221690e+01	4.41804170e+00	5.84945193e+00
5.19077003e+01	4.22055477e+00	5.62181237e+00
5.27053018e+01	4.03146234e+00	5.40267083e+00
5.35151591e+01	3.85042345e+00	5.19149994e+00
5.43374605e+01	3.67711046e+00	4.98816474e+00
5.51723972e+01	3.51120851e+00	4.79240177e+00
5.60201634e+01	3.35241509e+00	4.60394140e+00
5.68809561e+01	3.20043954e+00	4.42252229e+00
5.77549755e+01	3.05500260e+00	4.24789179e+00
5.86424249e+01	2.91583597e+00	4.07980712e+00
5.95435107e+01	2.78268193e+00	3.91803259e+00
6.04584423e+01	2.65529291e+00	3.76234092e+00
6.13874326e+01	2.53343111e+00	3.61251297e+00
6.23306975e+01	2.41686813e+00	3.46833827e+00
6.32884564e+01	2.30538462e+00	3.32961306e+00
6.42609320e+01	2.19876992e+00	3.19614017e+00
6.52483504e+01	2.09682172e+00	3.06772968e+00
6.62509413e+01	1.99934579e+00	2.94419805e+00
6.72689377e+01	1.90615561e+00	2.82536844e+00
6.83025765e+01	1.81707209e+00	2.71107019e+00
6.93520978e+01	1.73192333e+00	2.60113839e+00
7.04177459e+01	1.65054428e+00	2.49541399e+00
7.14997685e+01	1.57277650e+00	2.39374287e+00
7.25984172e+01	1.49846792e+00	2.29597749e+00
7.37139475e+01	1.42747259e+00	2.20197557e+00
7.48466187e+01	1.35965043e+00	2.11159901e+00
7.59966943e+01	1.29486701e+00	2.02471480e+00
7.71644417e+01	1.23299333e+00	1.94119531e+00
7.83501325e+01	1.17390562e+00	1.86091689e+00
7.95540423e+01	1.11748512e+00	1.78375961e+00
8.07764510e+01	1.06361788e+00	1.70960745e+00
8.20176431e+01	1.01219462e+00	1.63835028e+00
8.32779069e+01	9.63110479e-01	1.56988100e+00
8.45575357e+01	9.16264890e-01	1.50409501e+00
8.58568270e+01	8.71561400e-01	1.44089360e+00
8.71760829e+01	8.28907501e-01	1.38018092e+00
8.85156102e+01	7.88214488e-01	1.32186370e+00
8.98757203e+01	7.49397299e-01	1.26585222e+00
9.12567296e+01	7.12374374e-01	1.21206068e+00
9.26589591e+01	6.77067524e-01	1.16040602e+00
9.40827350e+01	6.43401793e-01	1.11080816e+00
9.55283882e+01	6.11305327e-01	1.06318986e+00
9.69962551e+01	5.80709252e-01	1.01747634e+00
9.84866768e+01	5.51547563e-01	9.73595815e-01
1.00000000e+02	5.23757000e-01	9.31478817e-01
1.01536577e+02	4.97276947e-01	8.91059044e-01
1.03096764e+02	4.72049322e-01	8.52272120e-01
1.04680925e+02	4.48018479e-01	8.15056018e-01
1.06289427e+02	4.25131109e-01	7.79351059e-01
1.07922646e+02	4.03336145e-01	7.45099281e-01
1.09580960e+02	3.82584678e-01	7.12246022e-01
1.11264755e+02	3.62829864e-01	6.80737817e-01
1.12974423e+02	3.44026842e-01	6.50522153e-01
1.14710362e+02	3.26132657e-01	6.21549351e-01
1.16472974e+02	3.09106181e-01	5.93771916e-01
1.18262671e+02	2.92908038e-01	5.67143788e-01
1.20079867e+02	2.77500537e-01	5.41620315e-01
1.21924986e+02	2.62847598e-01	5.17158788e-01
1.23798457e+02	2.48914693e-01	4.93717948e-01
1.25700715e+02	2.35668778e-01	4.71257802e-01
1.27632203e+02	2.23078234e-01	4.49740290e-01
1.29593369e+02	2.11112809e-01	4.29128677e-01
1.31584671e+02	1.99743561e-01	4.09386070e-01
1.33606570e+02	1.88942807e-01	3.90479703e-01
1.35659537e+02	1.78684068e-01	3.72377948e-01
1.37744050e+02	1.68942019e-01	3.55047608e-01
1.39860593e+02	1.59692447e-01	3.38458277e-01
1.42009658e+02	1.50912197e-01	3.22580581e-01
1.44191745e+02	1.42579136e-01	3.07386244e-01
1.46407361e+02	1.34672106e-01	2.92848121e-01
1.48657023e+02	1.27170883e-01	2.78939940e-01
1.50941252e+02	1.20056141e-01	2.65636381e-01
1.53260580e+02	1.13309411e-01	2.52913246e-01
1.55615546e+02	1.06913050e-01	2.40747289e-01
1.58006698e+02	1.00850202e-01	2.29116033e-01
1.60434592e+02	9.51047656e-02	2.17997628e-01
1.62899792e+02	8.96613644e-02	2.07371304e-01
1.65402872e+02	8.45053145e-02	1.97217144e-01
1.67944414e+02	7.96225958e-02	1.87515694e-01
1.70525008e+02	7.49998238e-02	1.78248477e-01
1.73145256e+02	7.06242228e-02	1.69397753e-01
1.75805765e+02	6.64835988e-02	1.60946263e-01
1.78507155e+02	6.25663166e-02	1.52877428e-01
1.81250054e+02	5.88612753e-02	1.45175558e-01
1.84035100e+02	5.53578842e-02	1.37825329e-01
1.86862941e+02	5.20460415e-02	1.30811996e-01
1.89734233e+02	4.89161141e-02	1.24121588e-01
1.92649644e+02	4.59589162e-02	1.17740570e-01
1.95609854e+02	4.31656901e-02	1.11655885e-01
1.98615549e+02	4.05280882e-02	1.05855024e-01
2.01667429e+02	3.80381544e-02	1.00325948e-01
2.04766203e+02	3.56883080e-02	9.50570811e-02
2.07912593e+02	3.34713263e-02	9.00373363e-02
2.11107329e+02	3.13803290e-02	8.52560363e-02
2.14351155e+02	2.94087639e-02	8.07029602e-02
2.17644825e+02	2.75503919e-02	7.63682433e-02
2.20989104e+02	2.57992725e-02	7.22424086e-02
2.24384771e+02	2.41497515e-02	6.83164394e-02
2.27832615e+02	2.25964478e-02	6.45816373e-02
2.31333437e+02	2.11342413e-02	6.10295772e-02
2.34888053e+02	1.97582617e-02	5.76521702e-02
2.38497287e+02	1.84638763e-02	5.44417255e-02
2.42161981e+02	1.72466800e-02	5.13908745e-02
2.45882985e+02	1.61024849e-02	4.84924512e-02
2.49661165e+02	1.50273101e-02	4.57395952e-02
2.53497400e+02	1.40173727e-02	4.31257807e-02
2.57392582e+02	1.30690784e-02	4.06447590e-02
2.61347616e+02	1.21790133e-02	3.82905460e-02
2.65363422e+02	1.13439355e-02	3.60573774e-02
2.69440935e+02	1.05607668e-02	3.39397002e-02
2.73581101e+02	9.82658555e-03	3.19322052e-02
2.77784884e+02	9.13861915e-03	3.00298105e-02
2.82053261e+02	8.49423714e-03	2.82276250e-02
2.86387226e+02	7.89094471e-03	2.65209958e-02
2.90787785e+02	7.32637606e-03	2.49054349e-02
2.95255962e+02	6.79828853e-03	2.33766357e-02
2.99792796e+02	6.30455677e-03	2.19304973e-02
3.04399342e+02	5.84316711e-03	2.05631163e-02
3.09076670e+02	5.41221242e-03	1.92707100e-02
3.13825870e+02	5.00988651e-03	1.80496431e-02
3.18648045e+02	4.63447973e-03	1.68964762e-02
3.23544316e+02	4.28437430e-03	1.58078887e-02
3.28515822e+02	3.95803957e-03	1.47807074e-02
3.33563720e+02	3.65402819e-03	1.38118985e-02
3.38689181e+02	3.37097173e-03	1.28985681e-02
3.43893400e+02	3.10757695e-03	1.20379605e-02
3.49177586e+02	2.86262194e-03	1.12274275e-02
3.54542967e+02	2.63495261e-03	1.04644380e-02
3.59990791e+02	2.42347950e-03	9.74657498e-03
3.65522325e+02	2.22717445e-03	9.07152402e-03
3.71138855e+02	2.04506743e-03	8.43706993e-03
3.76841688e+02	1.87624363e-03	7.84110418e-03
3.82632149e+02	1.71984081e-03	7.28161851e-03
3.88511585e+02	1.57504650e-03	6.75669014e-03
3.94481363e+02	1.44109541e-03	6.26448400e-03
4.00542871e+02	1.31726703e-03	5.80324575e-03
4.06697519e+02	1.20288334e-03	5.37130612e-03
4.12946738e+02	1.09730650e-03	4.96707136e-03
4.19291981e+02	9.99936800e-04	4.58902159e-03
4.25734723e+02	9.10210710e-04	4.23571299e-03
4.32276463e+02	8.27598782e-04	3.90576783e-03
4.38918722e+02	7.51604029e-04	3.59787038e-03
4.45663044e+02	6.81760100e-04	3.31077196e-03
4.52510998e+02	6.17629511e-04	3.04328314e-03
4.59464176e+02	5.58802171e-04	2.79427067e-03
4.66524195e+02	5.04893925e-04	2.56266085e-03
4.73692697e+02	4.55545014e-04	2.34742895e-03
4.80971348e+02	4.10418715e-04	2.14760120e-03
4.88361841e+02	3.69200090e-04	1.96225475e-03
4.95865894e+02	3.31594783e-04	1.79051071e-03
5.03485253e+02	2.97327768e-04	1.63153360e-03
5.11221690e+02	2.66142268e-04	1.48453203e-03
5.19077003e+02	2.37798698e-04	1.34875503e-03
5.27053018e+02	2.12073647e-04	1.22348995e-03
5.35151591e+02	1.88758931e-04	1.10806150e-03
5.43374605e+02	1.67660675e-04	1.00183145e-03
5.51723972e+02	1.48598454e-04	9.04194108e-04
5.60201634e+02	1.31404477e-04	8.14575437e-04
5.68809561e+02	1.15922828e-04	7.32434353e-04
5.77549755e+02	1.02008693e-04	6.57258182e-04
5.86424249e+02	8.95277034e-05	5.88561287e-04
5.95435107e+02	7.83552598e-05	5.25886912e-04
6.04584423e+02	6.83758947e-05	4.68804677e-04
6.13874326e+02	5.94827309e-05	4.16907913e-04
6.23306975e+02	5.15768974e-05	3.69813975e-04
6.32884564e+02	4.45669952e-05	3.27162492e-04
6.42609320e+02	3.83686305e-05	2.88614485e-04
6.52483504e+02	3.29039502e-05	2.53851190e-04
6.62509413e+02	2.81011913e-05	2.22573150e-04
6.72689377e+02	2.38942843e-05	1.94499209e-04
6.83025765e+02	2.02224788e-05	1.69365818e-04
6.93520978e+02	1.70299671e-05	1.46926188e-04
7.04177459e+02	1.42655614e-05	1.26949352e-04
7.14997685e+02	1.18823739e-05	1.09219686e-04
7.25984172e+02	9.83752651e-06	9.35358144e-05
7.37139475e+02	8.09189389e-06	7.97103358e-05
7.48466187e+02	6.60983815e-06	6.75687641e-05
7.59966943e+02	5.35897217e-06	5.69489665e-05
7.71644417e+02	4.30994106e-06	4.77004662e-05
7.83501325e+02	3.43621902e-06	3.96838285e-05
7.95540423e+02	2.71391747e-06	3.27701244e-05
8.07764510e+02	2.12160229e-06	2.68405210e-05
8.20176431e+02	1.64012368e-06	2.17855457e-05
8.32779069e+02	1.25245976e-06	1.75045628e-05
8.45575357e+02	9.43563714e-07	1.39053946e-05
8.58568270e+02	7.00213825e-07	1.09036774e-05
8.71760829e+02	5.10873138e-07	8.42232674e-06
8.85156102e+02	3.65554303e-07	6.39163618e-06
8.98757203e+02	2.55692953e-07	4.74867740e-06
9.12567296e+02	1.74014914e-07	3.43636894e-06
9.26589591e+02	1.14406493e-07	2.40343353e-06
9.40827350e+02	7.17991440e-08	1.60410403e-06
9.55283882e+02	4.20504050e-08	9.97749251e-07
9.69962551e+02	2.18251565e-08	5.48507124e-07
9.84866768e+02	8.48815222e-09	2.24991841e-07
