# W_Value Elastic Inelastic
1.00000000e+01	1.95538732e-03	4.19663214e-03
1.01536577e+01	1.90915526e-03	4.11260138e-03
1.03096764e+01	1.86395667e-03	4.03011098e-03
1.04680925e+01	1.81976948e-03	3.94926486e-03
1.06289427e+01	1.77657211e-03	3.86989876e-03
1.07922646e+01	1.73434340e-03	3.79209780e-03
1.09580960e+01	1.69306264e-03	3.71572747e-03
1.11264755e+01	1.65270954e-03	3.64084976e-03
1.12974423e+01	1.61326422e-03	3.56743020e-03
1.14710362e+01	1.57470722e-03	3.49543374e-03
1.16472974e+01	1.53701949e-03	3.42487543e-03
1.18262671e+01	1.50018236e-03	3.35564096e-03
1.20079867e+01	1.46417753e-03	3.28769041e-03
1.21924986e+01	1.42898710e-03	3.22107916e-03
1.23798457e+01	1.39459357e-03	3.15582058e-03
1.25700715e+01	1.36097973e-03	3.09174791e-03
1.27632203e+01	1.32812878e-03	3.02897687e-03
1.29593369e+01	1.29602424e-03	2.96729557e-03
1.31584671e+01	1.26465000e-03	2.90692866e-03
1.33606570e+01	1.23399026e-03	2.84763412e-03
1.35659537e+01	1.20402956e-03	2.78958314e-03
1.37744050e+01	1.17475276e-03	2.73264065e-03
1.39860593e+01	1.14614502e-03	2.67681435e-03
1.42009658e+01	1.11819183e-03	2.62202218e-03
1.44191745e+01	1.09087898e-03	2.56829132e-03
1.46407361e+01	1.06419253e-03	2.51563105e-03
1.48657023e+01	1.03811885e-03	2.46403609e-03
1.50941252e+01	1.01264463e-03	2.41341559e-03
1.53260580e+01	9.87756766e-04	2.36372518e-03
1.55615546e+01	9.63442472e-04	2.31503474e-03
1.58006698e+01	9.39689222e-04	2.26735347e-03
1.60434592e+01	9.16484752e-04	2.22055958e-03
1.62899792e+01	8.93817055e-04	2.17469077e-03
1.65402872e+01	8.71674367e-04	2.12968409e-03
1.67944414e+01	8.50045191e-04	2.08560569e-03
1.70525008e+01	8.28918241e-04	2.04238051e-03
1.73145256e+01	8.08282492e-04	1.99999715e-03
1.75805765e+01	7.88127153e-04	1.95846480e-03
1.78507155e+01	7.68441637e-04	1.91772428e-03
1.81250054e+01	7.49215601e-04	1.87777984e-03
1.84035100e+01	7.30438908e-04	1.83863891e-03
1.86862941e+01	7.12101644e-04	1.80026235e-03
1.89734233e+01	6.94194098e-04	1.76263485e-03
1.92649644e+01	6.76706762e-04	1.72574083e-03
1.95609854e+01	6.59630332e-04	1.68960858e-03
1.98615549e+01	6.42955697e-04	1.65417457e-03
2.01667429e+01	6.26673950e-04	1.61943882e-03
2.04766203e+01	6.10776357e-04	1.58535931e-03
2.07912593e+01	5.95254388e-04	1.55198755e-03
2.11107329e+01	5.80099671e-04	1.51928568e-03
2.14351155e+01	5.65304031e-04	1.48722257e-03
2.17644825e+01	5.50859457e-04	1.45579576e-03
2.20989104e+01	5.36758107e-04	1.42497710e-03
2.24384771e+01	5.22992312e-04	1.39477970e-03
2.27832615e+01	5.09554563e-04	1.36517333e-03
2.31333437e+01	4.96437518e-04	1.33616492e-03
2.34888053e+01	4.83633973e-04	1.30776777e-03
2.38497287e+01	4.71136909e-04	1.27991313e-03
2.42161981e+01	4.58939399e-04	1.25258629e-03
2.45882985e+01	4.47034738e-04	1.23578813e-03
2.49661165e+01	4.35416321e-04	1.19963566e-03
2.53497400e+01	4.24077690e-04	1.17393002e-03
2.57392582e+01	4.13012523e-04	1.14875756e-03
2.61347616e+01	4.02214652e-04	1.12409368e-03
2.65363422e+01	3.91678021e-04	1.09990625e-03
2.69440935e+01	3.81396721e-04	1.07619880e-03
2.73581101e+01	3.71364945e-04	1.05298807e-03
2.77784884e+01	3.61577048e-04	1.03023570e-03
2.82053261e+01	3.52027420e-04	1.00795551e-03
2.86387226e+01	3.42710717e-04	9.86099919e-04
2.90787785e+01	3.33621597e-04	9.64700908e-04
2.95255962e+01	3.24754876e-04	9.43742141e-04
2.99792796e+01	3.16105462e-04	9.23201845e-04
3.04399342e+01	3.07668391e-04	9.03053225e-04
3.09076670e+01	2.99438796e-04	8.83343240e-04
3.13825870e+01	2.91411920e-04	8.64006536e-04
3.18648045e+01	2.83583109e-04	8.45086976e-04
3.23544316e+01	2.75947816e-04	8.26532380e-04
3.28515822e+01	2.68501565e-04	8.08374722e-04
3.33563720e+01	2.61240031e-04	7.90585693e-04
3.38689181e+01	2.54158831e-04	7.73149605e-04
3.43893400e+01	2.47254090e-04	7.56070977e-04
3.49177586e+01	2.40521429e-04	7.39358556e-04
3.54542967e+01	2.33956970e-04	7.22966270e-04
3.59990791e+01	2.27556808e-04	7.06917039e-04
3.65522325e+01	2.21317126e-04	6.91195508e-04
3.71138855e+01	2.15234182e-04	6.75805065e-04
3.76841688e+01	2.09304334e-04	6.60726104e-04
3.82632149e+01	2.03524008e-04	6.45954731e-04
3.88511585e+01	1.97889712e-04	6.31492282e-04
3.94481363e+01	1.92398013e-04	6.17321213e-04
4.00542871e+01	1.87045608e-04	6.03444045e-04
4.06697519e+01	1.81829200e-04	5.89863289e-04
4.12946738e+01	1.76745601e-04	5.76548544e-04
4.19291981e+01	1.71791688e-04	5.63524142e-04
4.25734723e+01	1.66964403e-04	5.50767170e-04
4.32276463e+01	1.62260759e-04	5.38262051e-04
4.38918722e+01	1.57677835e-04	5.26025624e-04
4.45663044e+01	1.53212772e-04	5.14051471e-04
4.52510998e+01	1.48862778e-04	5.02323082e-04
4.59464176e+01	1.44625128e-04	4.90843096e-04
4.66524195e+01	1.40497130e-04	4.79591338e-04
4.73692697e+01	1.36476192e-04	4.68576871e-04
4.80971348e+01	1.32559749e-04	4.57801818e-04
4.88361841e+01	1.28745321e-04	4.47243966e-04
4.95865894e+01	1.25030463e-04	4.36925474e-04
5.03485253e+01	1.21412775e-04	4.26802040e-04
5.11221690e+01	1.17889910e-04	4.16905955e-04
5.19077003e+01	1.14459659e-04	4.07216893e-04
5.27053018e+01	1.11119744e-04	3.97728464e-04
5.35151591e+01	1.07867982e-04	3.88438367e-04
5.43374605e+01	1.04702248e-04	3.79351662e-04
5.51723972e+01	1.01620481e-04	3.70456988e-04
5.60201634e+01	9.86205871e-05	3.61757900e-04
5.68809561e+01	9.57006390e-05	3.53229663e-04
5.77549755e+01	9.28586691e-05	3.44889142e-04
5.86424249e+01	9.00927793e-05	3.36728727e-04
5.95435107e+01	8.74011143e-05	3.28742813e-04
6.04584423e+01	8.47818581e-05	3.20927132e-04
6.13874326e+01	8.22332372e-05	3.13274068e-04
6.23306975e+01	7.97535183e-05	3.05790228e-04
6.32884564e+01	7.73410076e-05	2.98468249e-04
6.42609320e+01	7.49940497e-05	2.91301221e-04
6.52483504e+01	7.27110325e-05	2.84291815e-04
6.62509413e+01	7.04903604e-05	2.77429786e-04
6.72689377e+01	6.83305004e-05	2.70719725e-04
6.83025765e+01	6.62299418e-05	2.64157015e-04
6.93520978e+01	6.41872109e-05	2.57734306e-04
7.04177459e+01	6.22008681e-05	2.51452859e-04
7.14997685e+01	6.02695062e-05	2.45306566e-04
7.25984172e+01	5.83917494e-05	2.39295421e-04
7.37139475e+01	5.65662539e-05	2.33416137e-04
7.48466187e+01	5.47917070e-05	2.27666703e-04
7.59966943e+01	5.30668265e-05	2.22040841e-04
7.71644417e+01	5.13903602e-05	2.16540341e-04
7.83501325e+01	4.97610848e-05	2.11161514e-04
7.95540423e+01	4.81778056e-05	2.05899638e-04
8.07764510e+01	4.66393555e-05	2.00754881e-04
8.20176431e+01	4.51445947e-05	1.95724935e-04
8.32779069e+01	4.36924097e-05	1.90803106e-04
8.45575357e+01	4.22817133e-05	1.85997839e-04
8.58568270e+01	4.09114436e-05	1.81296051e-04
8.71760829e+01	3.95805634e-05	1.76697155e-04
8.85156102e+01	3.82880600e-05	1.72203764e-04
8.98757203e+01	3.70329445e-05	1.67809575e-04
9.12567296e+01	3.58142548e-05	1.63515795e-04
9.26589591e+01	3.46310385e-05	1.59318683e-04
9.40827350e+01	3.34823806e-05	1.55214080e-04
9.55283882e+01	3.23673821e-05	1.51203090e-04
9.69962551e+01	3.12851657e-05	1.47283854e-04
9.84866768e+01	3.02348746e-05	1.43453927e-04
1.00000000e+02	2.92156721e-05	1.39713613e-04
1.01536577e+02	2.82267414e-05	1.36055554e-04
1.03096764e+02	2.72672851e-05	1.32479546e-04
1.04680925e+02	2.63365245e-05	1.28988995e-04
1.06289427e+02	2.54337000e-05	1.25579039e-04
1.07922646e+02	2.45580701e-05	1.22242545e-04
1.09580960e+02	2.37089108e-05	1.18987818e-04
1.11264755e+02	2.28855160e-05	1.15806352e-04
1.12974423e+02	2.20871960e-05	1.12700962e-04
1.14710362e+02	2.13132783e-05	1.09665996e-04
1.16472974e+02	2.05631063e-05	1.06701539e-04
1.18262671e+02	1.98360391e-05	1.03806068e-04
1.20079867e+02	1.91314518e-05	1.00980541e-04
1.21924986e+02	1.84487343e-05	9.82194837e-05
1.23798457e+02	1.77872914e-05	9.55246539e-05
1.25700715e+02	1.71465424e-05	9.28932911e-05
1.27632203e+02	1.65259207e-05	9.03238874e-05
1.29593369e+02	1.59248737e-05	8.78145611e-05
1.31584671e+02	1.53428621e-05	8.53666626e-05
1.33606570e+02	1.47793601e-05	8.29761578e-05
1.35659537e+02	1.42338545e-05	8.06427467e-05
1.37744050e+02	1.37058451e-05	7.83673358e-05
1.39860593e+02	1.31948437e-05	7.61450814e-05
1.42009658e+02	1.27003744e-05	7.39775427e-05
1.44191745e+02	1.22219729e-05	7.18619327e-05
1.46407361e+02	1.17591865e-05	6.97981330e-05
1.48657023e+02	1.13115739e-05	6.77848010e-05
1.50941252e+02	1.08787046e-05	6.58202228e-05
1.53260580e+02	1.04601589e-05	6.39036322e-05
1.55615546e+02	1.00555277e-05	6.20351211e-05
1.58006698e+02	9.66441206e-06	6.02123454e-05
1.60434592e+02	9.28642307e-06	5.84346545e-05
1.62899792e+02	8.92118142e-06	5.67016074e-05
1.65402872e+02	8.56831835e-06	5.50110268e-05
1.67944414e+02	8.22747295e-06	5.33641488e-05
1.70525008e+02	7.89829445e-06	5.17585210e-05
1.73145256e+02	7.58044076e-06	5.01921864e-05
1.75805765e+02	7.27357849e-06	4.86664867e-05
1.78507155e+02	6.97738279e-06	4.71792359e-05
1.81250054e+02	6.69153712e-06	4.57299122e-05
1.84035100e+02	6.41573307e-06	4.43190483e-05
1.86862941e+02	6.14967017e-06	4.29425856e-05
1.89734233e+02	5.89305571e-06	4.16018741e-05
1.92649644e+02	5.64560455e-06	4.02966143e-05
1.95609854e+02	5.40703893e-06	3.90260444e-05
1.98615549e+02	5.17708834e-06	3.77880424e-05
2.01667429e+02	4.95548932e-06	3.65821908e-05
2.04766203e+02	4.74198530e-06	3.54081387e-05
2.07912593e+02	4.53632644e-06	3.42657722e-05
2.11107329e+02	4.33826947e-06	3.31530471e-05
2.14351155e+02	4.14757753e-06	3.20700799e-05
2.17644825e+02	3.96402004e-06	3.10168786e-05
2.20989104e+02	3.78737254e-06	2.99915502e-05
2.24384771e+02	3.61741653e-06	2.89942812e-05
2.27832615e+02	3.45393936e-06	2.80242533e-05
2.31333437e+02	3.29673408e-06	2.70792768e-05
2.34888053e+02	3.14559926e-06	2.61623475e-05
2.38497287e+02	3.00033896e-06	2.52699636e-05
2.42161981e+02	2.86076249e-06	2.44020839e-05
2.45882985e+02	2.72668436e-06	2.35585132e-05
2.49661165e+02	2.59792413e-06	2.27385302e-05
2.53497400e+02	2.47430628e-06	2.19416444e-05
2.57392582e+02	2.35566010e-06	2.11680157e-05
2.61347616e+02	2.24181959e-06	2.04154588e-05
2.65363422e+02	2.13262333e-06	1.96852788e-05
2.69440935e+02	2.02791438e-06	1.89755641e-05
2.73581101e+02	1.92754017e-06	1.82864780e-05
2.77784884e+02	1.83135236e-06	1.76180362e-05
2.82053261e+02	1.73920682e-06	1.69687218e-05
2.86387226e+02	1.65096345e-06	1.63385986e-05
2.90787785e+02	1.56648610e-06	1.57272034e-05
2.95255962e+02	1.48564253e-06	1.51338395e-05
2.99792796e+02	1.40830423e-06	1.45587701e-05
3.04399342e+02	1.33434638e-06	1.40007229e-05
3.09076670e+02	1.26364777e-06	1.34597578e-05
3.13825870e+02	1.19609068e-06	1.29354097e-05
3.18648045e+02	1.13156081e-06	1.24272397e-05
3.23544316e+02	1.06994719e-06	1.19348470e-05
3.28515822e+02	1.01114212e-06	1.14578044e-05
3.33563720e+02	9.55041067e-07	1.09958028e-05
3.38689181e+02	9.01542593e-07	1.05484340e-05
3.43893400e+02	8.50548287e-07	1.01154861e-05
3.49177586e+02	8.01962686e-07	9.69652411e-06
3.54542967e+02	7.55693204e-07	9.29099064e-06
3.59990791e+02	7.11650059e-07	8.89850975e-06
3.65522325e+02	6.69746210e-07	8.51943308e-06
3.71138855e+02	6.29897287e-07	8.15261763e-06
3.76841688e+02	5.92021524e-07	7.79824745e-06
3.82632149e+02	5.56039700e-07	7.45599490e-06
3.88511585e+02	5.21875073e-07	7.12506352e-06
3.94481363e+02	4.89453325e-07	6.80574957e-06
4.00542871e+02	4.58702496e-07	6.49734965e-06
4.06697519e+02	4.29552932e-07	6.19973258e-06
4.12946738e+02	4.01937229e-07	5.91280950e-06
4.19291981e+02	3.75790177e-07	5.63587883e-06
4.25734723e+02	3.51048707e-07	5.36912641e-06
4.32276463e+02	3.27651842e-07	5.11194733e-06
4.38918722e+02	3.05540645e-07	4.86407452e-06
4.45663044e+02	2.84658170e-07	4.62572590e-06
4.52510998e+02	2.64949414e-07	4.39594914e-06
4.59464176e+02	2.46361275e-07	4.17500439e-06
4.66524195e+02	2.28842501e-07	3.96251415e-06
4.73692697e+02	2.12343650e-07	3.75821617e-06
4.80971348e+02	1.96817045e-07	3.56186139e-06
4.88361841e+02	1.82216735e-07	3.37321749e-06
4.95865894e+02	1.68498449e-07	3.19228097e-06
5.03485253e+02	1.55619562e-07	3.01854473e-06
5.11221690e+02	1.43539050e-07	2.85196611e-06
5.19077003e+02	1.32217455e-07	2.69227598e-06
5.27053018e+02	1.21616848e-07	2.53927208e-06
5.35151591e+02	1.11700785e-07	2.39281903e-06
5.43374605e+02	1.02434278e-07	2.25261108e-06
5.51723972e+02	9.37837516e-08	2.11863480e-06
5.60201634e+02	8.57170098e-08	1.99048610e-06
5.68809561e+02	7.82031975e-08	1.86816963e-06
5.77549755e+02	7.12127641e-08	1.75139902e-06
5.86424249e+02	6.47174260e-08	1.64001859e-06
5.95435107e+02	5.86901288e-08	1.53389172e-06
6.04584423e+02	5.31050092e-08	1.43283898e-06
6.13874326e+02	4.79373563e-08	1.33668454e-06
6.23306975e+02	4.31635712e-08	1.24527739e-06
6.32884564e+02	3.87611273e-08	1.15846275e-06
6.42609320e+02	3.47085284e-08	1.07607235e-06
6.52483504e+02	3.09852666e-08	9.97963834e-07
6.62509413e+02	2.75718413e-08	9.23996817e-07
6.72689377e+02	2.44494601e-08	8.54014614e-07
6.83025765e+02	2.16003858e-08	7.87880296e-07
6.93520978e+02	1.90076238e-08	7.25465793e-07
7.04177459e+02	1.66549455e-08	6.66618950e-07
7.14997685e+02	1.45268808e-08	6.11210094e-07
7.25984172e+02	1.26085192e-08	5.59115780e-07
7.37139475e+02	1.08857046e-08	5.10206315e-07
7.48466187e+02	9.34483105e-09	4.64359069e-07
7.59966943e+02	7.97284616e-09	4.21452710e-07
7.71644417e+02	6.75721553e-09	3.81370404e-07
7.83501325e+02	5.68589177e-09	3.43998050e-07
7.95540423e+02	4.74728819e-09	3.09217726e-07
8.07764510e+02	3.93025827e-09	2.76920790e-07
8.20176431e+02	3.22410315e-09	2.47000893e-07
8.32779069e+02	2.61847341e-09	2.19351996e-07
8.45575357e+02	2.10351031e-09	1.93869712e-07
8.58568270e+02	1.66975365e-09	1.70453792e-07
8.71760829e+02	1.30820047e-09	1.49008082e-07
8.85156102e+02	1.01027181e-09	1.29436795e-07
8.98757203e+02	7.67834867e-10	1.11645727e-07
9.12567296e+02	5.73348823e-10	9.55442491e-08
9.26589591e+02	4.19796115e-10	8.10427516e-08
9.40827350e+02	3.00626399e-10	6.80559242e-08
9.55283882e+02	2.09977731e-10	5.64986771e-08
9.69962551e+02	1.42553029e-10	4.62879160e-08
9.84866768e+02	9.36685596e-11	3.73424749e-08
1.00000000e+03	5.92543927e-11	2.95830015e-08
