# W_Value Elastic Inelastic
1.00000000e+01	1.95538732e-03	4.96203666e-03
1.01536577e+01	1.90915526e-03	4.84734428e-03
1.03096764e+01	1.86395667e-03	4.73475627e-03
1.04680925e+01	1.81976948e-03	4.62442756e-03
1.06289427e+01	1.77657211e-03	4.51619448e-03
1.07922646e+01	1.73434340e-03	4.41185104e-03
1.09580960e+01	1.69306264e-03	4.30783141e-03
1.11264755e+01	1.65270954e-03	4.20697007e-03
1.12974423e+01	1.61326422e-03	4.10834449e-03
1.14710362e+01	1.57470722e-03	4.01163430e-03
1.16472974e+01	1.53701949e-03	3.91752297e-03
1.18262671e+01	1.50018236e-03	3.82494927e-03
1.20079867e+01	1.46417753e-03	3.73460505e-03
1.21924986e+01	1.42898710e-03	3.64593626e-03
1.23798457e+01	1.39459357e-03	3.56017080e-03
1.25700715e+01	1.36097973e-03	3.47709820e-03
1.27632203e+01	1.32812878e-03	3.39134682e-03
1.29593369e+01	1.29602424e-03	3.31219990e-03
1.31584671e+01	1.26465000e-03	3.23303759e-03
1.33606570e+01	1.23399026e-03	3.15552510e-03
1.35659537e+01	1.20402956e-03	3.08029848e-03
1.37744050e+01	1.17475276e-03	3.00647480e-03
1.39860593e+01	1.14614502e-03	2.93425761e-03
1.42009658e+01	1.11819183e-03	2.86371197e-03
1.44191745e+01	1.09087898e-03	2.79499883e-03
1.46407361e+01	1.06419253e-03	2.72724456e-03
1.48657023e+01	1.03811885e-03	2.66151014e-03
1.50941252e+01	1.01264463e-03	2.59680957e-03
1.53260580e+01	9.87756766e-04	2.53401849e-03
1.55615546e+01	9.63442472e-04	2.47258171e-03
1.58006698e+01	9.39689222e-04	2.41242665e-03
1.60434592e+01	9.16484752e-04	2.35354696e-03
1.62899792e+01	8.93817055e-04	2.29603691e-03
1.65402872e+01	8.71674367e-04	2.23986023e-03
1.67944414e+01	8.50045191e-04	2.18477884e-03
1.70525008e+01	8.28918241e-04	2.13136144e-03
1.73145256e+01	8.08282492e-04	2.07885047e-03
1.75805765e+01	7.88127153e-04	2.02671363e-03
1.78507155e+01	7.68441637e-04	1.97726674e-03
1.81250054e+01	7.49215601e-04	1.92935500e-03
1.84035100e+01	7.30438908e-04	1.88067373e-03
1.86862941e+01	7.12101644e-04	1.83397417e-03
1.89734233e+01	6.94194098e-04	1.78815587e-03
1.92649644e+01	6.76706762e-04	1.74356882e-03
1.95609854e+01	6.59630332e-04	1.70018243e-03
1.98615549e+01	6.42955697e-04	1.65762427e-03
2.01667429e+01	6.26673950e-04	1.61597123e-03
2.04766203e+01	6.10776357e-04	1.57544829e-03
2.07912593e+01	5.95254388e-04	1.53605935e-03
2.11107329e+01	5.80099671e-04	1.49723661e-03
2.14351155e+01	5.65304031e-04	1.45937323e-03
2.17644825e+01	5.50859457e-04	1.42253627e-03
2.20989104e+01	5.36758107e-04	1.38652203e-03
2.24384771e+01	5.22992312e-04	1.35128600e-03
2.27832615e+01	5.09554563e-04	1.31683136e-03
2.31333437e+01	4.96437518e-04	1.28322586e-03
2.34888053e+01	4.83633973e-04	1.25030327e-03
2.38497287e+01	4.71136909e-04	1.21832581e-03
2.42161981e+01	4.58939399e-04	1.18699799e-03
2.45882985e+01	4.47034738e-04	1.15650641e-03
2.49661165e+01	4.35416321e-04	1.12684587e-03
2.53497400e+01	4.24077690e-04	1.09786713e-03
2.57392582e+01	4.13012523e-04	1.06906779e-03
2.61347616e+01	4.02214652e-04	1.04153835e-03
2.65363422e+01	3.91678021e-04	1.01432261e-03
2.69440935e+01	3.81396721e-04	9.87888053e-04
2.73581101e+01	3.71364945e-04	9.62125963e-04
2.77784884e+01	3.61577048e-04	9.36999943e-04
2.82053261e+01	3.52027420e-04	9.12437906e-04
2.86387226e+01	3.42710717e-04	8.88441742e-04
2.90787785e+01	3.33621597e-04	8.65000975e-04
2.95255962e+01	3.24754876e-04	8.42225363e-04
2.99792796e+01	3.16105462e-04	8.19920952e-04
3.04399342e+01	3.07668391e-04	7.98451352e-04
3.09076670e+01	2.99438796e-04	7.77018034e-04
3.13825870e+01	2.91411920e-04	7.56344356e-04
3.18648045e+01	2.83583109e-04	7.36180005e-04
3.23544316e+01	2.75947816e-04	7.16458322e-04
3.28515822e+01	2.68501565e-04	6.97230020e-04
3.33563720e+01	2.61240031e-04	6.78528662e-04
3.38689181e+01	2.54158831e-04	6.60201818e-04
3.43893400e+01	2.47254090e-04	6.42489152e-04
3.49177586e+01	2.40521429e-04	6.25025421e-04
3.54542967e+01	2.33956970e-04	6.08090982e-04
3.59990791e+01	2.27556808e-04	5.91555564e-04
3.65522325e+01	2.21317126e-04	5.75422297e-04
3.71138855e+01	2.15234182e-04	5.59895577e-04
3.76841688e+01	2.09304334e-04	5.44362335e-04
3.82632149e+01	2.03524008e-04	5.29385458e-04
3.88511585e+01	1.97889712e-04	5.14828009e-04
3.94481363e+01	1.92398013e-04	5.00662544e-04
4.00542871e+01	1.87045608e-04	4.86792263e-04
4.06697519e+01	1.81829200e-04	4.73334177e-04
4.12946738e+01	1.76745601e-04	4.60197887e-04
4.19291981e+01	1.71791688e-04	4.47109660e-04
4.25734723e+01	1.66964403e-04	4.34826538e-04
4.32276463e+01	1.62260759e-04	4.22653657e-04
4.38918722e+01	1.57677835e-04	4.10796769e-04
4.45663044e+01	1.53212772e-04	3.99166607e-04
4.52510998e+01	1.48862778e-04	3.87936826e-04
4.59464176e+01	1.44625128e-04	3.76952011e-04
4.66524195e+01	1.40497130e-04	3.66221859e-04
4.73692697e+01	1.36476192e-04	3.55813875e-04
4.80971348e+01	1.32559749e-04	3.45653616e-04
4.88361841e+01	1.28745321e-04	3.35776098e-04
4.95865894e+01	1.25030463e-04	3.26134071e-04
5.03485253e+01	1.21412775e-04	3.16744721e-04
5.11221690e+01	1.17889910e-04	3.07607305e-04
5.19077003e+01	1.14459659e-04	2.98723979e-04
5.27053018e+01	1.11119744e-04	2.90021879e-04
5.35151591e+01	1.07867982e-04	2.81586942e-04
5.43374605e+01	1.04702248e-04	2.73370475e-04
5.51723972e+01	1.01620481e-04	2.65399300e-04
5.60201634e+01	9.86205871e-05	2.57588088e-04
5.68809561e+01	9.57006390e-05	2.50009043e-04
5.77549755e+01	9.28586691e-05	2.42619474e-04
5.86424249e+01	9.00927793e-05	2.35420175e-04
5.95435107e+01	8.74011143e-05	2.28413495e-04
6.04584423e+01	8.47818581e-05	2.21610340e-04
6.13874326e+01	8.22332372e-05	2.14984222e-04
6.23306975e+01	7.97535183e-05	2.08559135e-04
6.32884564e+01	7.73410076e-05	2.02286078e-04
6.42609320e+01	7.49940497e-05	1.96151232e-04
6.52483504e+01	7.27110325e-05	1.90230037e-04
6.62509413e+01	7.04903604e-05	1.84453271e-04
6.72689377e+01	6.83305004e-05	1.78827362e-04
6.83025765e+01	6.62299418e-05	1.73351660e-04
6.93520978e+01	6.41872109e-05	1.68054149e-04
7.04177459e+01	6.22008681e-05	1.62868328e-04
7.14997685e+01	6.02695062e-05	1.57855151e-04
7.25984172e+01	5.83917494e-05	1.52968650e-04
7.37139475e+01	5.65662539e-05	1.48200455e-04
7.48466187e+01	5.47917070e-05	1.43579066e-04
7.59966943e+01	5.30668265e-05	1.39088832e-04
7.71644417e+01	5.13903602e-05	1.34715729e-04
7.83501325e+01	4.97610848e-05	1.30471405e-04
7.95540423e+01	4.81778056e-05	1.26356459e-04
8.07764510e+01	4.66393555e-05	1.22287060e-04
8.20176431e+01	4.51445947e-05	1.18445880e-04
8.32779069e+01	4.36924097e-05	1.14654826e-04
8.45575357e+01	4.22817133e-05	1.10974781e-04
8.58568270e+01	4.09114436e-05	1.07465638e-04
8.71760829e+01	3.95805634e-05	1.03926685e-04
8.85156102e+01	3.82880600e-05	1.00562459e-04
8.98757203e+01	3.70329445e-05	9.72766412e-05
9.12567296e+01	3.58142548e-05	9.41042520e-05
9.26589591e+01	3.46310385e-05	9.10135812e-05
9.40827350e+01	3.34823806e-05	8.80095466e-05
9.55283882e+01	3.23673821e-05	8.50926708e-05
9.69962551e+01	3.12851657e-05	8.22698411e-05
9.84866768e+01	3.02348746e-05	7.95335501e-05
1.00000000e+02	2.92156721e-05	7.68691518e-05
1.01536577e+02	2.82267414e-05	7.42805529e-05
1.03096764e+02	2.72672851e-05	7.17756744e-05
1.04680925e+02	2.63365245e-05	6.93331614e-05
1.06289427e+02	2.54337000e-05	6.69693860e-05
1.07922646e+02	2.45580701e-05	6.46879352e-05
1.09580960e+02	2.37089108e-05	6.24692233e-05
1.11264755e+02	2.28855160e-05	6.03063888e-05
1.12974423e+02	2.20871960e-05	5.82216727e-05
1.14710362e+02	2.13132783e-05	5.61935995e-05
1.16472974e+02	2.05631063e-05	5.42326974e-05
1.18262671e+02	1.98360391e-05	5.23206864e-05
1.20079867e+02	1.91314518e-05	5.04778367e-05
1.21924986e+02	1.84487343e-05	4.86852746e-05
1.23798457e+02	1.77872914e-05	4.69551204e-05
1.25700715e+02	1.71465424e-05	4.52771523e-05
1.27632203e+02	1.65259207e-05	4.36509266e-05
1.29593369e+02	1.59248737e-05	4.20703104e-05
1.31584671e+02	1.53428621e-05	4.05463943e-05
1.33606570e+02	1.47793601e-05	3.90693663e-05
1.35659537e+02	1.42338545e-05	3.76335587e-05
1.37744050e+02	1.37058451e-05	3.62461865e-05
1.39860593e+02	1.31948437e-05	3.49058130e-05
1.42009658e+02	1.27003744e-05	3.36055177e-05
1.44191745e+02	1.22219729e-05	3.23489867e-05
1.46407361e+02	1.17591865e-05	3.11322558e-05
1.48657023e+02	1.13115739e-05	2.99557549e-05
1.50941252e+02	1.08787046e-05	2.88156195e-05
1.53260580e+02	1.04601589e-05	2.77136822e-05
1.55615546e+02	1.00555277e-05	2.66477625e-05
1.58006698e+02	9.66441206e-06	2.56194961e-05
1.60434592e+02	9.28642307e-06	2.46248699e-05
1.62899792e+02	8.92118142e-06	2.36617712e-05
1.65402872e+02	8.56831835e-06	2.27286641e-05
1.67944414e+02	8.22747295e-06	2.18325286e-05
1.70525008e+02	7.89829445e-06	2.09620923e-05
1.73145256e+02	7.58044076e-06	2.01237755e-05
1.75805765e+02	7.27357849e-06	1.93151642e-05
1.78507155e+02	6.97738279e-06	1.85392321e-05
1.81250054e+02	6.69153712e-06	1.77759498e-05
1.84035100e+02	6.41573307e-06	1.70493893e-05
1.86862941e+02	6.14967017e-06	1.63446150e-05
1.89734233e+02	5.89305571e-06	1.56631122e-05
1.92649644e+02	5.64560455e-06	1.50109221e-05
1.95609854e+02	5.40703893e-06	1.43795077e-05
1.98615549e+02	5.17708834e-06	1.37708810e-05
2.01667429e+02	4.95548932e-06	1.31822164e-05
2.04766203e+02	4.74198530e-06	1.26174086e-05
2.07912593e+02	4.53632644e-06	1.20717869e-05
2.11107329e+02	4.33826947e-06	1.15448973e-05
2.14351155e+02	4.14757753e-06	1.10400970e-05
2.17644825e+02	3.96402004e-06	1.05514316e-05
2.20989104e+02	3.78737254e-06	1.00844856e-05
2.24384771e+02	3.61741653e-06	9.63221174e-06
2.27832615e+02	3.45393936e-06	9.19699868e-06
2.31333437e+02	3.29673408e-06	8.77804239e-06
2.34888053e+02	3.14559926e-06	8.37563295e-06
2.38497287e+02	3.00033896e-06	7.98777387e-06
2.42161981e+02	2.86076249e-06	7.61650958e-06
2.45882985e+02	2.72668436e-06	7.25966599e-06
2.49661165e+02	2.59792413e-06	6.91613454e-06
2.53497400e+02	2.47430628e-06	6.58675125e-06
2.57392582e+02	2.35566010e-06	6.26969570e-06
2.61347616e+02	2.24181959e-06	5.96532614e-06
2.65363422e+02	2.13262333e-06	5.67408119e-06
2.69440935e+02	2.02791438e-06	5.39384916e-06
2.73581101e+02	1.92754017e-06	5.12471344e-06
2.77784884e+02	1.83135236e-06	4.86902987e-06
2.82053261e+02	1.73920682e-06	4.62070398e-06
2.86387226e+02	1.65096345e-06	4.38490113e-06
2.90787785e+02	1.56648610e-06	4.15801003e-06
2.95255962e+02	1.48564253e-06	3.94074118e-06
2.99792796e+02	1.40830423e-06	3.73460167e-06
3.04399342e+02	1.33434638e-06	3.53490900e-06
3.09076670e+02	1.26364777e-06	3.34634583e-06
3.13825870e+02	1.19609068e-06	3.16459048e-06
3.18648045e+02	1.13156081e-06	2.99079379e-06
3.23544316e+02	1.06994719e-06	2.82529685e-06
3.28515822e+02	1.01114212e-06	2.66763824e-06
3.33563720e+02	9.55041067e-07	2.51592282e-06
3.38689181e+02	9.01542593e-07	2.37271877e-06
3.43893400e+02	8.50548287e-07	2.23547598e-06
3.49177586e+02	8.01962686e-07	2.10463556e-06
3.54542967e+02	7.55693204e-07	1.98035724e-06
3.59990791e+02	7.11650059e-07	1.86134219e-06
3.65522325e+02	6.69746210e-07	1.74835503e-06
3.71138855e+02	6.29897287e-07	1.64172855e-06
3.76841688e+02	5.92021524e-07	1.53972129e-06
3.82632149e+02	5.56039700e-07	1.44291717e-06
3.88511585e+02	5.21875073e-07	1.35111981e-06
3.94481363e+02	4.89453325e-07	1.26405864e-06
4.00542871e+02	4.58702496e-07	1.18146632e-06
4.06697519e+02	4.29552932e-07	1.10310177e-06
4.12946738e+02	4.01937233e-07	1.02908610e-06
4.19291981e+02	3.75790177e-07	9.58619750e-07
4.25734723e+02	3.51048707e-07	8.92641614e-07
4.32276463e+02	3.27651842e-07	8.30050052e-07
4.38918722e+02	3.05540645e-07	7.70888881e-07
4.45663044e+02	2.84658170e-07	7.15323448e-07
4.52510998e+02	2.64949414e-07	6.62900563e-07
4.59464176e+02	2.46361275e-07	6.13256421e-07
4.66524195e+02	2.28842501e-07	5.66814721e-07
4.73692697e+02	2.12343650e-07	5.23147453e-07
4.80971348e+02	1.96817045e-07	4.82094467e-07
4.88361841e+02	1.82216735e-07	4.43706230e-07
4.95865894e+02	1.68498449e-07	4.07671973e-07
5.03485253e+02	1.55619562e-07	3.73962150e-07
5.11221690e+02	1.43539050e-07	3.42518468e-07
5.19077003e+02	1.32217455e-07	3.13157139e-07
5.27053018e+02	1.21616848e-07	2.85754199e-07
5.35151591e+02	1.11700785e-07	2.60323664e-07
5.43374605e+02	1.02434278e-07	2.36588853e-07
5.51723972e+02	9.37837516e-08	2.14625721e-07
5.60201634e+02	8.57170098e-08	1.94238773e-07
5.68809561e+02	7.82031975e-08	1.75386381e-07
5.77549755e+02	7.12127641e-08	1.57988497e-07
5.86424249e+02	6.47174260e-08	1.42009762e-07
5.95435107e+02	5.86901288e-08	1.27253789e-07
6.04584423e+02	5.31050092e-08	1.13733493e-07
6.13874326e+02	4.79373563e-08	1.01321596e-07
6.23306975e+02	4.31635712e-08	8.99889844e-08
6.32884564e+02	3.87611273e-08	7.96941970e-08
6.42609320e+02	3.47085284e-08	7.03053262e-08
6.52483504e+02	3.09852666e-08	6.17981466e-08
6.62509413e+02	2.75718413e-08	5.41065623e-08
6.72689377e+02	2.44494601e-08	4.71798016e-08
6.83025765e+02	2.16003858e-08	4.09546271e-08
6.93520978e+02	1.90076238e-08	3.53939605e-08
7.04177459e+02	1.66549455e-08	3.04306812e-08
7.14997685e+02	1.45268808e-08	2.60251142e-08
7.25984172e+02	1.26085192e-08	2.21260186e-08
7.37139475e+02	1.08857046e-08	1.87001569e-08
7.48466187e+02	9.34483105e-09	1.56984365e-08
7.59966943e+02	7.97284616e-09	1.30851986e-08
7.71644417e+02	6.75721553e-09	1.08251781e-08
7.83501325e+02	5.68589177e-09	8.88239324e-09
7.95540423e+02	4.74728819e-09	7.22230514e-09
8.07764510e+02	3.93025827e-09	5.81415435e-09
8.20176431e+02	3.22410315e-09	4.63623181e-09
8.32779069e+02	2.61847341e-09	3.65292234e-09
8.45575357e+02	2.10351031e-09	2.84121656e-09
8.58568270e+02	1.66975365e-09	2.18028471e-09
8.71760829e+02	1.30820047e-09	1.64796048e-09
8.85156102e+02	1.01027181e-09	1.22503369e-09
8.98757203e+02	7.67834867e-10	8.94362123e-10
9.12567296e+02	5.73348823e-10	6.39385864e-10
9.26589591e+02	4.19796116e-10	4.46660580e-10
9.40827350e+02	3.00626399e-10	3.03797222e-10
9.55283882e+02	2.09977731e-10	2.00504014e-10
9.69962551e+02	1.42553029e-10	1.27794859e-10
9.84866768e+02	9.36685596e-11	7.82447648e-11
1.00000000e+03	5.92543927e-11	4.56547122e-11
