# W_Value Elastic Inelastic
1.00000000e+01	1.17572793e+02	2.15489636e+01
1.01536577e+01	1.13280792e+02	2.08302110e+01
1.03096764e+01	1.09139831e+02	2.01347667e+01
1.04680925e+01	1.05144782e+02	1.94617385e+01
1.06289427e+01	1.01290687e+02	1.88104880e+01
1.07922646e+01	9.75727474e+01	1.81801366e+01
1.09580960e+01	9.39863247e+01	1.75700643e+01
1.11264755e+01	9.05269315e+01	1.69798359e+01
1.12974423e+01	8.71902282e+01	1.64087257e+01
1.14710362e+01	8.39720183e+01	1.58561791e+01
1.16472974e+01	8.08682434e+01	1.53212124e+01
1.18262671e+01	7.78749796e+01	1.48032202e+01
1.20079867e+01	7.49884323e+01	1.43022921e+01
1.21924986e+01	7.22049327e+01	1.38179519e+01
1.23798457e+01	6.95209338e+01	1.33495503e+01
1.25700715e+01	6.69330062e+01	1.28964788e+01
1.27632203e+01	6.44378343e+01	1.24581672e+01
1.29593369e+01	6.20322131e+01	1.20341983e+01
1.31584671e+01	5.97130443e+01	1.16241294e+01
1.33606570e+01	5.74773330e+01	1.12275080e+01
1.35659537e+01	5.53221843e+01	1.08439215e+01
1.37744050e+01	5.32448001e+01	1.04729645e+01
1.39860593e+01	5.12424761e+01	1.01142066e+01
1.42009658e+01	4.93125987e+01	9.76728440e+00
1.44191745e+01	4.74526420e+01	9.43189184e+00
1.46407361e+01	4.56601649e+01	9.10762754e+00
1.48657023e+01	4.39328088e+01	8.79412295e+00
1.50941252e+01	4.22682942e+01	8.49103965e+00
1.53260580e+01	4.06644189e+01	8.19795424e+00
1.55615546e+01	3.91190548e+01	7.91455891e+00
1.58006698e+01	3.76301460e+01	7.64058941e+00
1.60434592e+01	3.61957062e+01	7.37572133e+00
1.62899792e+01	3.48138165e+01	7.11970176e+00
1.65402872e+01	3.34826230e+01	6.87225461e+00
1.67944414e+01	3.22003351e+01	6.63290810e+00
1.70525008e+01	3.09652230e+01	6.40147602e+00
1.73145256e+01	2.97756159e+01	6.17789406e+00
1.75805765e+01	2.86299002e+01	5.96184237e+00
1.78507155e+01	2.75265171e+01	5.75305404e+00
1.81250054e+01	2.64639616e+01	5.55127151e+00
1.84035100e+01	2.54407798e+01	5.35627654e+00
1.86862941e+01	2.44555681e+01	5.16785898e+00
1.89734233e+01	2.35069709e+01	4.98579716e+00
1.92649644e+01	2.25936793e+01	4.80989221e+00
1.95609854e+01	2.17144294e+01	4.63994241e+00
1.98615549e+01	2.08680009e+01	4.47572924e+00
2.01667429e+01	2.00532158e+01	4.31708944e+00
2.04766203e+01	1.92689368e+01	4.16387625e+00
2.07912593e+01	1.85140657e+01	4.01589433e+00
2.11107329e+01	1.77875427e+01	3.87295786e+00
2.14351155e+01	1.70883446e+01	3.73490935e+00
2.17644825e+01	1.64154839e+01	3.60158217e+00
2.20989104e+01	1.57680073e+01	3.47280842e+00
2.24384771e+01	1.51449948e+01	3.34845677e+00
2.27832615e+01	1.45455587e+01	3.22836514e+00
2.31333437e+01	1.39688419e+01	3.11238069e+00
2.34888053e+01	1.34140176e+01	3.00038089e+00
2.38497287e+01	1.28802879e+01	2.89216629e+00
2.42161981e+01	1.23668829e+01	2.78764036e+00
2.45882985e+01	1.18730596e+01	2.68677717e+00
2.49661165e+01	1.13981013e+01	2.58941437e+00
2.53497400e+01	1.09413165e+01	2.49541400e+00
2.57392582e+01	1.05020380e+01	2.40465781e+00
2.61347616e+01	1.00796224e+01	2.31704381e+00
2.65363422e+01	9.67344859e+00	2.23248401e+00
2.69440935e+01	9.28291791e+00	2.15086717e+00
2.73581101e+01	8.90745271e+00	2.07210031e+00
2.77784884e+01	8.54649587e+00	1.99608498e+00
2.82053261e+01	8.19951009e+00	1.92266692e+00
2.86387226e+01	7.86597721e+00	1.85182030e+00
2.90787785e+01	7.54539750e+00	1.78352640e+00
2.95255962e+01	7.23728910e+00	1.71764131e+00
2.99792796e+01	6.94118736e+00	1.65409672e+00
3.04399342e+01	6.65664427e+00	1.59279661e+00
3.09076670e+01	6.38322787e+00	1.53364513e+00
3.13825870e+01	6.12052169e+00	1.47658529e+00
3.18648045e+01	5.86812426e+00	1.42155711e+00
3.23544316e+01	5.62564853e+00	1.36847752e+00
3.28515822e+01	5.39272142e+00	1.31726991e+00
3.33563720e+01	5.16898330e+00	1.26780250e+00
3.38689181e+01	4.95408757e+00	1.22006518e+00
3.43893400e+01	4.74770012e+00	1.17409132e+00
3.49177586e+01	4.54949895e+00	1.12978130e+00
3.54542967e+01	4.35917383e+00	1.08706242e+00
3.59990791e+01	4.17642574e+00	1.04587025e+00
3.65522325e+01	4.00096657e+00	1.00615473e+00
3.71138855e+01	3.83251870e+00	9.67866935e-01
3.76841688e+01	3.67081464e+00	9.30949744e-01
3.82632149e+01	3.51559669e+00	8.95354467e-01
3.88511585e+01	3.36661659e+00	8.61049324e-01
3.94481363e+01	3.22363518e+00	8.27989529e-01
4.00542871e+01	3.08642206e+00	7.96137552e-01
4.06697519e+01	2.95475532e+00	7.65455407e-01
4.12946738e+01	2.82842124e+00	7.35895010e-01
4.19291981e+01	2.70721396e+00	7.07370224e-01
4.25734723e+01	2.59093524e+00	6.79902833e-01
4.32276463e+01	2.47939416e+00	6.53487443e-01
4.38918722e+01	2.37240689e+00	6.28028555e-01
4.45663044e+01	2.26979641e+00	6.03506943e-01
4.52510998e+01	2.17139229e+00	5.79898162e-01
4.59464176e+01	2.07703043e+00	5.57158957e-01
4.66524195e+01	1.98655287e+00	5.35221440e-01
4.73692697e+01	1.89980754e+00	5.14073261e-01
4.80971348e+01	1.81664805e+00	4.93724747e-01
4.88361841e+01	1.73693350e+00	4.74145698e-01
4.95865894e+01	1.66052828e+00	4.55301614e-01
5.03485253e+01	1.58730186e+00	4.37162455e-01
5.11221690e+01	1.51712864e+00	4.19701103e-01
5.19077003e+01	1.44988774e+00	4.02892411e-01
5.27053018e+01	1.38546286e+00	3.86708841e-01
5.35151591e+01	1.32374210e+00	3.71131343e-01
5.43374605e+01	1.26461778e+00	3.56144935e-01
5.51723972e+01	1.20798633e+00	3.41727476e-01
5.60201634e+01	1.15374811e+00	3.27858544e-01
5.68809561e+01	1.10180727e+00	3.14518538e-01
5.77549755e+01	1.05207161e+00	3.01689403e-01
5.86424249e+01	1.00445248e+00	2.89350778e-01
5.95435107e+01	9.58864581e-01	2.77483390e-01
6.04584423e+01	9.15225922e-01	2.66072433e-01
6.13874326e+01	8.73457642e-01	2.55099917e-01
6.23306975e+01	8.33483916e-01	2.44548330e-01
6.32884564e+01	7.95231845e-01	2.34402196e-01
6.42609320e+01	7.58631340e-01	2.24643337e-01
6.52483504e+01	7.23615026e-01	2.15263054e-01
6.62509413e+01	6.90118142e-01	2.06261868e-01
6.72689377e+01	6.58078438e-01	1.97620759e-01
6.83025765e+01	6.27436084e-01	1.89307177e-01
6.93520978e+01	5.98133579e-01	1.81305466e-01
7.04177459e+01	5.70115670e-01	1.73617701e-01
7.14997685e+01	5.43329263e-01	1.66236862e-01
7.25984172e+01	5.17723342e-01	1.59144345e-01
7.37139475e+01	4.93248899e-01	1.52329412e-01
7.48466187e+01	4.69858848e-01	1.45787196e-01
7.59966943e+01	4.47507962e-01	1.39508393e-01
7.71644417e+01	4.26152800e-01	1.33480703e-01
7.83501325e+01	4.05751636e-01	1.27693570e-01
7.95540423e+01	3.86264402e-01	1.22137298e-01
8.07764510e+01	3.67652618e-01	1.16804159e-01
8.20176431e+01	3.49879337e-01	1.11686409e-01
8.32779069e+01	3.32909086e-01	1.06776033e-01
8.45575357e+01	3.16707807e-01	1.02065098e-01
8.58568270e+01	3.01242808e-01	9.75460422e-02
8.71760829e+01	2.86482707e-01	9.32117013e-02
8.85156102e+01	2.72397385e-01	8.90545711e-02
8.98757203e+01	2.58957936e-01	8.50674655e-02
9.12567296e+01	2.46136619e-01	8.12441246e-02
9.26589591e+01	2.33906819e-01	7.75785008e-02
9.40827350e+01	2.22243000e-01	7.40643594e-02
9.55283882e+01	2.11120662e-01	7.06960236e-02
9.69962551e+01	2.00516304e-01	6.74683643e-02
9.84866768e+01	1.90407383e-01	6.43761498e-02
1.00000000e+02	1.80772279e-01	6.14139140e-02
1.01536577e+02	1.71590258e-01	5.85762249e-02
1.03096764e+02	1.62841438e-01	5.58583237e-02
1.04680925e+02	1.54506759e-01	5.32555571e-02
1.06289427e+02	1.46567943e-01	5.07633733e-02
1.07922646e+02	1.39007472e-01	4.83776747e-02
1.09580960e+02	1.31808555e-01	4.60942446e-02
1.11264755e+02	1.24955096e-01	4.39087577e-02
1.12974423e+02	1.18431674e-01	4.18177116e-02
1.14710362e+02	1.12223510e-01	3.98173883e-02
1.16472974e+02	1.06316444e-01	3.79040109e-02
1.18262671e+02	1.00696912e-01	3.60739805e-02
1.20079867e+02	9.53519206e-02	3.43238389e-02
1.21924986e+02	9.02690236e-02	3.26506421e-02
1.23798457e+02	8.54363032e-02	3.10513849e-02
1.25700715e+02	8.08423463e-02	2.95232820e-02
1.27632203e+02	7.64762258e-02	2.80633254e-02
1.29593369e+02	7.23274804e-02	2.66684849e-02
1.31584671e+02	6.83860963e-02	2.53332517e-02
1.33606570e+02	6.46424891e-02	2.40581705e-02
1.35659537e+02	6.10874867e-02	2.28437583e-02
1.37744050e+02	5.77123123e-02	2.16844510e-02
1.39860593e+02	5.45085688e-02	2.05780636e-02
1.42009658e+02	5.14682232e-02	1.95224026e-02
1.44191745e+02	4.85835919e-02	1.85154203e-02
1.46407361e+02	4.58473264e-02	1.75551023e-02
1.48657023e+02	4.32523997e-02	1.66394107e-02
1.50941252e+02	4.07920931e-02	1.57664816e-02
1.53260580e+02	3.84599836e-02	1.49345482e-02
1.55615546e+02	3.62499318e-02	1.41419094e-02
1.58006698e+02	3.41560700e-02	1.33868751e-02
1.60434592e+02	3.21727912e-02	1.26678573e-02
1.62899792e+02	3.02947381e-02	1.19832924e-02
1.65402872e+02	2.85167932e-02	1.13316823e-02
1.67944414e+02	2.68340682e-02	1.07116109e-02
1.70525008e+02	2.52418947e-02	1.01217206e-02
1.73145256e+02	2.37358153e-02	9.56072006e-03
1.75805765e+02	2.23115742e-02	9.02732295e-03
1.78507155e+02	2.09651091e-02	8.52032585e-03
1.81250054e+02	1.96925430e-02	8.03857271e-03
1.84035100e+02	1.84901764e-02	7.58093786e-03
1.86862941e+02	1.73544795e-02	7.14635150e-03
1.89734233e+02	1.62820852e-02	6.73378482e-03
1.92649644e+02	1.52697822e-02	6.34226233e-03
1.95609854e+02	1.43145084e-02	5.97082509e-03
1.98615549e+02	1.34133442e-02	5.61855001e-03
2.01667429e+02	1.25635066e-02	5.28459688e-03
2.04766203e+02	1.17623433e-02	4.96810534e-03
2.07912593e+02	1.10073269e-02	4.66824901e-03
2.11107329e+02	1.02960499e-02	4.38428315e-03
2.14351155e+02	9.62621891e-03	4.11546624e-03
2.17644825e+02	8.99564993e-03	3.86109610e-03
2.20989104e+02	8.40226367e-03	3.62049085e-03
2.24384771e+02	7.84408080e-03	3.39298438e-03
2.27832615e+02	7.31921761e-03	3.17796606e-03
2.31333437e+02	6.82588173e-03	2.97484914e-03
2.34888053e+02	6.36236814e-03	2.78304697e-03
2.38497287e+02	5.92705523e-03	2.60201534e-03
2.42161981e+02	5.51840108e-03	2.43123428e-03
2.45882985e+02	5.13493993e-03	2.27019194e-03
2.49661165e+02	4.77527870e-03	2.11841264e-03
2.53497400e+02	4.43809375e-03	1.97543839e-03
2.57392582e+02	4.12212770e-03	1.84082539e-03
2.61347616e+02	3.82618645e-03	1.71415316e-03
2.65363422e+02	3.54913627e-03	1.59501887e-03
2.69440935e+02	3.28990103e-03	1.48304309e-03
2.73581101e+02	3.04745957e-03	1.37785150e-03
2.77784884e+02	2.82084314e-03	1.27908687e-03
2.82053261e+02	2.60913300e-03	1.18642879e-03
2.86387226e+02	2.41145805e-03	1.09954637e-03
2.90787785e+02	2.22699265e-03	1.01811991e-03
2.95255962e+02	2.05495445e-03	9.41867378e-04
2.99792796e+02	1.89460236e-03	8.70509574e-04
3.04399342e+02	1.74523460e-03	8.03778900e-04
3.09076670e+02	1.60618684e-03	7.41421729e-04
3.13825870e+02	1.47683040e-03	6.83202478e-04
3.18648045e+02	1.35657054e-03	6.28884535e-04
3.23544316e+02	1.24484481e-03	5.78241049e-04
3.28515822e+02	1.14112153e-03	5.31066227e-04
3.33563720e+02	1.04489824e-03	4.87163279e-04
3.38689181e+02	9.55700314e-04	4.46342395e-04
3.43893400e+02	8.73079566e-04	4.08429994e-04
3.49177586e+02	7.96612955e-04	3.73247287e-04
3.54542967e+02	7.25901331e-04	3.40621257e-04
3.59990791e+02	6.60568249e-04	3.10405250e-04
3.65522325e+02	6.00258823e-04	2.82452167e-04
3.71138855e+02	5.44638643e-04	2.56624327e-04
3.76841688e+02	4.93392735e-04	2.32786379e-04
3.82632149e+02	4.46224566e-04	2.10810106e-04
3.88511585e+02	4.02855101e-04	1.90583298e-04
3.94481363e+02	3.63021897e-04	1.71988089e-04
4.00542871e+02	3.26478241e-04	1.54911585e-04
4.06697519e+02	2.92992327e-04	1.39256921e-04
4.12946738e+02	2.62346472e-04	1.24928197e-04
4.19291981e+02	2.34336366e-04	1.11834169e-04
4.25734723e+02	2.08770361e-04	9.98886958e-05
4.32276463e+02	1.85468788e-04	8.90106312e-05
4.38918722e+02	1.64263309e-04	7.91232562e-05
4.45663044e+02	1.44996301e-04	7.01541133e-05
4.52510998e+02	1.27520263e-04	6.20347322e-05
4.59464176e+02	1.11697261e-04	5.47008395e-05
4.66524195e+02	9.73983915e-05	4.80935826e-05
4.73692697e+02	8.45032705e-05	4.21540714e-05
4.80971348e+02	7.28995541e-05	3.68267341e-05
4.88361841e+02	6.24824758e-05	3.20630124e-05
4.95865894e+02	5.31544094e-05	2.78159894e-05
5.03485253e+02	4.48244524e-05	2.40414355e-05
5.11221690e+02	3.74080304e-05	2.06977702e-05
5.19077003e+02	3.08265212e-05	1.77462036e-05
5.27053018e+02	2.50068972e-05	1.51505781e-05
5.35151591e+02	1.98813867e-05	1.28771226e-05
5.43374605e+02	1.53871515e-05	1.08944211e-05
5.51723972e+02	1.14659822e-05	9.17326364e-06
5.60201634e+02	8.06400822e-06	7.68649678e-06
5.68809561e+02	5.13142398e-06	6.40900174e-06
5.77549755e+02	2.62222882e-06	5.31765809e-06
5.86424249e+02	4.93981537e-07	4.39106194e-06
5.95435107e+02	-1.29243203e-06	3.60948873e-06
6.04584423e+02	-2.77301843e-06	2.95488951e-06
6.13874326e+02	-3.98088372e-06	2.41077323e-06
6.23306975e+02	-4.94642873e-06	1.96210242e-06
6.32884564e+02	-5.69753300e-06	1.59523842e-06
6.42609320e+02	-6.25973077e-06	1.29787329e-06
6.52483504e+02	-6.65636721e-06	1.05895981e-06
6.62509413e+02	-6.90875118e-06	8.68624860e-07
6.72689377e+02	-7.03630454e-06	7.18125400e-07
6.83025765e+02	-7.05669425e-06	5.99782409e-07
6.93520978e+02	-6.98595346e-06	5.06906072e-07
7.04177459e+02	-6.83859821e-06	4.33759182e-07
7.14997685e+02	-6.62773999e-06	3.75480051e-07
7.25984172e+02	-6.36518471e-06	3.28073145e-07
7.37139475e+02	-6.06152677e-06	2.88312788e-07
7.48466187e+02	-5.72623639e-06	2.53669038e-07
7.59966943e+02	-5.36774092e-06	2.22343687e-07
7.71644417e+02	-4.99350042e-06	1.93164640e-07
7.83501325e+02	-4.61007807e-06	1.65528772e-07
7.95540423e+02	-4.22320756e-06	1.39354464e-07
8.07764510e+02	-3.83785253e-06	1.14993727e-07
8.20176431e+02	-3.45826345e-06	9.32076419e-08
8.32779069e+02	-3.08803162e-06	7.45781148e-08
8.45575357e+02	-2.73014386e-06	5.89982679e-08
8.58568270e+02	-2.38703536e-06	4.60752564e-08
8.71760829e+02	-2.06063445e-06	3.54534659e-08
8.85156102e+02	-1.75240915e-06	2.68066154e-08
8.98757203e+02	-1.46341234e-06	1.98484455e-08
9.12567296e+02	-1.19432591e-06	1.43214685e-08
9.26589591e+02	-9.45505507e-07	9.99779782e-09
9.40827350e+02	-7.17019257e-07	6.67201298e-09
9.55283882e+02	-5.08689269e-07	4.15540862e-09
9.69962551e+02	-3.20132626e-07	2.29083431e-09
9.84866768e+02	-1.50797403e-07	9.44097990e-10
