# W_Value Elastic Inelastic
1.00000000e+01	1.89050829e+01	5.42083133e+01
1.01536577e+01	1.84193554e+01	5.26228262e+01
1.03096764e+01	1.79455620e+01	5.10812957e+01
1.04680925e+01	1.74834091e+01	4.95892867e+01
1.06289427e+01	1.70326113e+01	4.81389346e+01
1.07922646e+01	1.65928905e+01	4.67290973e+01
1.09580960e+01	1.61639763e+01	4.53586657e+01
1.11264755e+01	1.57456054e+01	4.40265718e+01
1.12974423e+01	1.53375215e+01	4.27317866e+01
1.14710362e+01	1.49394749e+01	4.14732854e+01
1.16472974e+01	1.45512228e+01	4.02500757e+01
1.18262671e+01	1.41725279e+01	3.90612007e+01
1.20079867e+01	1.38031586e+01	3.79057237e+01
1.21924986e+01	1.34428908e+01	3.67827457e+01
1.23798457e+01	1.30915065e+01	3.56913809e+01
1.25700715e+01	1.27487914e+01	3.46307637e+01
1.27632203e+01	1.24145370e+01	3.36000636e+01
1.29593369e+01	1.20885400e+01	3.25984687e+01
1.31584671e+01	1.17706025e+01	3.16251870e+01
1.33606570e+01	1.14605315e+01	3.06794514e+01
1.35659537e+01	1.11581385e+01	2.97605121e+01
1.37744050e+01	1.08632397e+01	2.88676929e+01
1.39860593e+01	1.05756558e+01	2.80002354e+01
1.42009658e+01	1.02952115e+01	2.71573980e+01
1.44191745e+01	1.00217368e+01	2.63385750e+01
1.46407361e+01	9.75506490e+00	2.55430976e+01
1.48657023e+01	9.49505445e+00	2.47703162e+01
1.50941252e+01	9.24152774e+00	2.40196316e+01
1.53260580e+01	8.99430653e+00	2.32904369e+01
1.55615546e+01	8.75325458e+00	2.25821439e+01
1.58006698e+01	8.51823110e+00	2.18941892e+01
1.60434592e+01	8.28909730e+00	2.12260249e+01
1.62899792e+01	8.06570725e+00	2.05771092e+01
1.65402872e+01	7.84792377e+00	1.99469095e+01
1.67944414e+01	7.63561314e+00	1.93349190e+01
1.70525008e+01	7.42864423e+00	1.87406400e+01
1.73145256e+01	7.22688897e+00	1.81635864e+01
1.75805765e+01	7.03022293e+00	1.76032851e+01
1.78507155e+01	6.83852429e+00	1.70592763e+01
1.81250054e+01	6.65167421e+00	1.65311120e+01
1.84035100e+01	6.46955649e+00	1.60183550e+01
1.86862941e+01	6.29205736e+00	1.55205802e+01
1.89734233e+01	6.11906599e+00	1.50373736e+01
1.92649644e+01	5.95047427e+00	1.45683359e+01
1.95609854e+01	5.78617651e+00	1.41131039e+01
1.98615549e+01	5.62606942e+00	1.36712641e+01
2.01667429e+01	5.47005175e+00	1.32424147e+01
2.04766203e+01	5.31802546e+00	1.28262340e+01
2.07912593e+01	5.16989499e+00	1.24223619e+01
2.11107329e+01	5.02556573e+00	1.20304420e+01
2.14351155e+01	4.88494567e+00	1.16501507e+01
2.17644825e+01	4.74794526e+00	1.12811670e+01
2.20989104e+01	4.61447716e+00	1.09231694e+01
2.24384771e+01	4.48445585e+00	1.05758478e+01
2.27832615e+01	4.35779772e+00	1.02389091e+01
2.31333437e+01	4.23442095e+00	9.91206389e+00
2.34888053e+01	4.11424576e+00	9.59502520e+00
2.38497287e+01	3.99719462e+00	9.28751431e+00
2.42161981e+01	3.88319138e+00	8.98926412e+00
2.45882985e+01	3.77216184e+00	8.70001345e+00
2.49661165e+01	3.66403336e+00	8.41950403e+00
2.53497400e+01	3.55873514e+00	8.14749058e+00
2.57392582e+01	3.45619604e+00	7.88373270e+00
2.61347616e+01	3.35635202e+00	7.62799200e+00
2.65363422e+01	3.25913766e+00	7.38004038e+00
2.69440935e+01	3.16448441e+00	7.13966895e+00
2.73581101e+01	3.07233105e+00	6.90664768e+00
2.77784884e+01	2.98261647e+00	6.68075240e+00
2.82053261e+01	2.89528041e+00	6.46178902e+00
2.86387226e+01	2.81026421e+00	6.24956186e+00
2.90787785e+01	2.72751058e+00	6.04387922e+00
2.95255962e+01	2.64696352e+00	5.84454201e+00
2.99792796e+01	2.56856852e+00	5.65136479e+00
3.04399342e+01	2.49227222e+00	5.46417418e+00
3.09076670e+01	2.41802250e+00	5.28279667e+00
3.13825870e+01	2.34576865e+00	5.10706229e+00
3.18648045e+01	2.27546154e+00	4.93680495e+00
3.23544316e+01	2.20705210e+00	4.77186518e+00
3.28515822e+01	2.14049237e+00	4.61209039e+00
3.33563720e+01	2.07573674e+00	4.45732792e+00
3.38689181e+01	2.01274018e+00	4.30742964e+00
3.43893400e+01	1.95145855e+00	4.16225365e+00
3.49177586e+01	1.89184875e+00	4.02165980e+00
3.54542967e+01	1.83386893e+00	3.88551199e+00
3.59990791e+01	1.77747808e+00	3.75367879e+00
3.65522325e+01	1.72263617e+00	3.62603301e+00
3.71138855e+01	1.66930417e+00	3.50245006e+00
3.76841688e+01	1.61744394e+00	3.38280812e+00
3.82632149e+01	1.56701829e+00	3.26698918e+00
3.88511585e+01	1.51799088e+00	3.15487942e+00
3.94481363e+01	1.47032619e+00	3.04636729e+00
4.00542871e+01	1.42398968e+00	2.94134407e+00
4.06697519e+01	1.37894767e+00	2.83970718e+00
4.12946738e+01	1.33516710e+00	2.74135469e+00
4.19291981e+01	1.29261573e+00	2.64618266e+00
4.25734723e+01	1.25126222e+00	2.55409452e+00
4.32276463e+01	1.21107598e+00	2.46499934e+00
4.38918722e+01	1.17202713e+00	2.37880575e+00
4.45663044e+01	1.13408808e+00	2.29542494e+00
4.52510998e+01	1.09722877e+00	2.21477216e+00
4.59464176e+01	1.06141966e+00	2.13676363e+00
4.66524195e+01	1.02663523e+00	2.06131751e+00
4.73692697e+01	9.92849141e-01	1.98835481e+00
4.80971348e+01	9.60035549e-01	1.91779839e+00
4.88361841e+01	9.28169268e-01	1.84957265e+00
4.95865894e+01	8.97225732e-01	1.78360899e+00
5.03485253e+01	8.67180955e-01	1.71983957e+00
5.11221690e+01	8.38011444e-01	1.65818854e+00
5.19077003e+01	8.09694459e-01	1.59864308e+00
5.27053018e+01	7.82207830e-01	1.54110490e+00
5.35151591e+01	7.55529724e-01	1.48545234e+00
5.43374605e+01	7.29638922e-01	1.43166564e+00
5.51723972e+01	7.04514767e-01	1.37969057e+00
5.60201634e+01	6.80137107e-01	1.32947042e+00
5.68809561e+01	6.56486252e-01	1.28094988e+00
5.77549755e+01	6.33542957e-01	1.23407518e+00
5.86424249e+01	6.11288473e-01	1.18879444e+00
5.95435107e+01	5.89704536e-01	1.14505692e+00
6.04584423e+01	5.68773326e-01	1.10281350e+00
6.13874326e+01	5.48477443e-01	1.06201653e+00
6.23306975e+01	5.28799901e-01	1.02262010e+00
6.32884564e+01	5.09724146e-01	9.84579475e-01
6.42609320e+01	4.91234014e-01	9.47851138e-01
6.52483504e+01	4.73313785e-01	9.12392964e-01
6.62509413e+01	4.55948056e-01	8.78164027e-01
6.72689377e+01	4.39121794e-01	8.45124705e-01
6.83025765e+01	4.22820372e-01	8.13236575e-01
6.93520978e+01	4.07029450e-01	7.82462310e-01
7.04177459e+01	3.91735159e-01	7.52765725e-01
7.14997685e+01	3.76923930e-01	7.24111563e-01
7.25984172e+01	3.62582433e-01	6.96465951e-01
7.37139475e+01	3.48697707e-01	6.69796085e-01
7.48466187e+01	3.35257144e-01	6.44069911e-01
7.59966943e+01	3.22248424e-01	6.19256431e-01
7.71644417e+01	3.09659501e-01	5.95325786e-01
7.83501325e+01	2.97478626e-01	5.72248890e-01
7.95540423e+01	2.85694338e-01	5.49997353e-01
8.07764510e+01	2.74295447e-01	5.28543573e-01
8.20176431e+01	2.63270234e-01	5.07861315e-01
8.32779069e+01	2.52608799e-01	4.87924898e-01
8.45575357e+01	2.42301495e-01	4.68709063e-01
8.58568270e+01	2.32337413e-01	4.50189963e-01
8.71760829e+01	2.22706671e-01	4.32344312e-01
8.85156102e+01	2.13399462e-01	4.15149300e-01
8.98757203e+01	2.04406385e-01	3.98582900e-01
9.12567296e+01	1.95718287e-01	3.82623982e-01
9.26589591e+01	1.87326053e-01	3.67251987e-01
9.40827350e+01	1.79220817e-01	3.52447007e-01
9.55283882e+01	1.71394002e-01	3.38189748e-01
9.69962551e+01	1.63837208e-01	3.24461437e-01
9.84866768e+01	1.56542211e-01	3.11243989e-01
1.00000000e+02	1.49500957e-01	2.98519808e-01
1.01536577e+02	1.42705598e-01	2.86272065e-01
1.03096764e+02	1.36148502e-01	2.74484323e-01
1.04680925e+02	1.29822181e-01	2.63140681e-01
1.06289427e+02	1.23719334e-01	2.52225778e-01
1.07922646e+02	1.17832849e-01	2.41724611e-01
1.09580960e+02	1.12155797e-01	2.31623027e-01
1.11264755e+02	1.06681442e-01	2.21907087e-01
1.12974423e+02	1.01403263e-01	2.12562998e-01
1.14710362e+02	9.63150140e-02	2.03577698e-01
1.16472974e+02	9.14107868e-02	1.94938666e-01
1.18262671e+02	8.66858782e-02	1.86633694e-01
1.20079867e+02	8.21587999e-02	1.78650887e-01
1.21924986e+02	7.78457310e-02	1.70978835e-01
1.23798457e+02	7.37378747e-02	1.63606466e-01
1.25700715e+02	6.98265963e-02	1.56522993e-01
1.27632203e+02	6.61033120e-02	1.49718128e-01
1.29593369e+02	6.25597886e-02	1.43181900e-01
1.31584671e+02	5.91877856e-02	1.36904188e-01
1.33606570e+02	5.59800753e-02	1.30876085e-01
1.35659537e+02	5.29297546e-02	1.25088956e-01
1.37744050e+02	5.00294915e-02	1.19533579e-01
1.39860593e+02	4.72725908e-02	1.14201537e-01
1.42009658e+02	4.46526333e-02	1.09084666e-01
1.44191745e+02	4.21634612e-02	1.04175073e-01
1.46407361e+02	3.97991680e-02	9.94651597e-02
1.48657023e+02	3.75540922e-02	9.49475332e-02
1.50941252e+02	3.54228093e-02	9.06150435e-02
1.53260580e+02	3.34001109e-02	8.64608382e-02
1.55615546e+02	3.14810015e-02	8.24783118e-02
1.58006698e+02	2.96607073e-02	7.86610482e-02
1.60434592e+02	2.79346514e-02	7.50027784e-02
1.62899792e+02	2.62984428e-02	7.14975323e-02
1.65402872e+02	2.47478800e-02	6.81395658e-02
1.67944414e+02	2.32789380e-02	6.49232363e-02
1.70525008e+02	2.18877633e-02	6.18431737e-02
1.73145256e+02	2.05706317e-02	5.88942061e-02
1.75805765e+02	1.93240456e-02	5.60712751e-02
1.78507155e+02	1.81446634e-02	5.33695053e-02
1.81250054e+02	1.70292144e-02	5.07842749e-02
1.84035100e+02	1.59746045e-02	4.83110461e-02
1.86862941e+02	1.49778770e-02	4.59454361e-02
1.89734233e+02	1.40361992e-02	4.36832850e-02
1.92649644e+02	1.31468666e-02	4.15205453e-02
1.95609854e+02	1.23072965e-02	3.94532971e-02
1.98615549e+02	1.15150160e-02	3.74777724e-02
2.01667429e+02	1.07676625e-02	3.55903336e-02
2.04766203e+02	1.00629770e-02	3.37874683e-02
2.07912593e+02	9.39880876e-03	3.20658040e-02
2.11107329e+02	8.77309670e-03	3.04220803e-02
2.14351155e+02	8.18387523e-03	2.88531669e-02
2.17644825e+02	7.62927713e-03	2.73560302e-02
2.20989104e+02	7.10751016e-03	2.59277468e-02
2.24384771e+02	6.61686428e-03	2.45655286e-02
2.27832615e+02	6.15571195e-03	2.32666758e-02
2.31333437e+02	5.72249917e-03	2.20285620e-02
2.34888053e+02	5.31574548e-03	2.08486566e-02
2.38497287e+02	4.93404000e-03	1.97245489e-02
2.42161981e+02	4.57603615e-03	1.86539220e-02
2.45882985e+02	4.24045323e-03	1.76345117e-02
2.49661165e+02	3.92607388e-03	1.66641441e-02
2.53497400e+02	3.63173226e-03	1.57407466e-02
2.57392582e+02	3.35631962e-03	1.48623286e-02
2.61347616e+02	3.09878881e-03	1.40269779e-02
2.65363422e+02	2.85813813e-03	1.32328458e-02
2.69440935e+02	2.63341167e-03	1.24781449e-02
2.73581101e+02	2.42370816e-03	1.17611613e-02
2.77784884e+02	2.22817027e-03	1.10802497e-02
2.82053261e+02	2.04597423e-03	1.04338207e-02
2.86387226e+02	1.87635012e-03	9.82035887e-03
2.90787785e+02	1.71855830e-03	9.23839688e-03
2.95255962e+02	1.57189327e-03	8.68652217e-03
2.99792796e+02	1.43569515e-03	8.16338617e-03
3.04399342e+02	1.30933194e-03	7.66770210e-03
3.09076670e+02	1.19220711e-03	7.19821752e-03
3.13825870e+02	1.08375578e-03	6.75372509e-03
3.18648045e+02	9.83441625e-04	6.33308006e-03
3.23544316e+02	8.90755665e-04	5.93517286e-03
3.28515822e+02	8.05160525e-04	5.55894041e-03
3.33563720e+02	7.26258617e-04	5.20336295e-03
3.38689181e+02	6.53676774e-04	4.86746513e-03
3.43893400e+02	5.86949700e-04	4.55031580e-03
3.49177586e+02	5.25698436e-04	4.25101701e-03
3.54542967e+02	4.69558812e-04	3.96870821e-03
3.59990791e+02	4.18184808e-04	3.70256501e-03
3.65522325e+02	3.71253955e-04	3.45179557e-03
3.71138855e+02	3.28462199e-04	3.21563971e-03
3.76841688e+02	2.89523544e-04	2.99337196e-03
3.82632149e+02	2.54166871e-04	2.78429932e-03
3.88511585e+02	2.22137795e-04	2.58775621e-03
3.94481363e+02	1.93190508e-04	2.40310561e-03
4.00542871e+02	1.67106353e-04	2.22973664e-03
4.06697519e+02	1.43681048e-04	2.06706643e-03
4.12946738e+02	1.22709291e-04	1.91453693e-03
4.19291981e+02	1.04005574e-04	1.77161436e-03
4.25734723e+02	8.73957449e-05	1.63779026e-03
4.32276463e+02	7.27157550e-05	1.51257813e-03
4.38918722e+02	5.98132744e-05	1.39551183e-03
4.45663044e+02	4.85454405e-05	1.28614777e-03
4.52510998e+02	3.87788079e-05	1.18406231e-03
4.59464176e+02	3.03891514e-05	1.08885064e-03
4.66524195e+02	2.32605105e-05	1.00012812e-03
4.73692697e+02	1.72849889e-05	9.17526591e-04
4.80971348e+02	1.23600261e-05	8.40695278e-04
4.88361841e+02	8.39269284e-06	7.69300859e-04
4.95865894e+02	5.29749815e-06	7.03024873e-04
5.03485253e+02	2.99238172e-06	6.41563765e-04
5.11221690e+02	1.39974509e-06	5.84629237e-04
5.19077003e+02	4.45900692e-07	5.31946932e-04
5.27053018e+02	5.97492159e-08	4.83255771e-04
5.35151591e+02	0.00000000e+00	4.38307668e-04
5.43374605e+02	0.00000000e+00	3.96867535e-04
5.51723972e+02	0.00000000e+00	3.58711628e-04
5.60201634e+02	0.00000000e+00	3.23627301e-04
5.68809561e+02	0.00000000e+00	2.91413561e-04
5.77549755e+02	0.00000000e+00	2.61879463e-04
5.86424249e+02	0.00000000e+00	2.34843583e-04
5.95435107e+02	0.00000000e+00	2.10134855e-04
6.04584423e+02	0.00000000e+00	1.87591701e-04
6.13874326e+02	0.00000000e+00	1.67060959e-04
6.23306975e+02	0.00000000e+00	1.48398133e-04
6.32884564e+02	0.00000000e+00	1.31466806e-04
6.42609320e+02	0.00000000e+00	1.16138288e-04
6.52483504e+02	0.00000000e+00	1.02291218e-04
6.62509413e+02	0.00000000e+00	8.98112811e-05
6.72689377e+02	0.00000000e+00	7.85908626e-05
6.83025765e+02	0.00000000e+00	6.85288012e-05
6.93520978e+02	0.00000000e+00	5.95301196e-05
7.04177459e+02	0.00000000e+00	5.15056800e-05
7.14997685e+02	0.00000000e+00	4.43720476e-05
7.25984172e+02	0.00000000e+00	3.80511087e-05
7.37139475e+02	0.00000000e+00	3.24699567e-05
7.48466187e+02	0.00000000e+00	2.75605191e-05
7.59966943e+02	0.00000000e+00	2.32593793e-05
7.71644417e+02	0.00000000e+00	1.95075245e-05
7.83501325e+02	0.00000000e+00	1.62501209e-05
7.95540423e+02	0.00000000e+00	1.34363253e-05
8.07764510e+02	0.00000000e+00	1.10191561e-05
8.20176431e+02	0.00000000e+00	8.95521767e-06
8.32779069e+02	0.00000000e+00	7.20450689e-06
8.45575357e+02	0.00000000e+00	5.73028193e-06
8.58568270e+02	0.00000000e+00	4.49882300e-06
8.71760829e+02	0.00000000e+00	3.47923614e-06
8.85156102e+02	0.00000000e+00	2.64351393e-06
8.98757203e+02	0.00000000e+00	1.96630134e-06
9.12567296e+02	0.00000000e+00	1.42453534e-06
9.26589591e+02	0.00000000e+00	9.97442129e-07
9.40827350e+02	0.00000000e+00	6.66428790e-07
9.55283882e+02	0.00000000e+00	4.14942250e-07
9.69962551e+02	0.00000000e+00	2.28332510e-07
9.84866768e+02	0.00000000e+00	9.37432880e-08
