# W_Value Elastic Inelastic
1.00000000e+01	6.56685575e+01	3.86956317e+01
1.01536577e+01	6.35734677e+01	3.75387279e+01
1.03096764e+01	6.15396011e+01	3.64131398e+01
1.04680925e+01	5.95654186e+01	3.53181627e+01
1.06289427e+01	5.76494055e+01	3.42531129e+01
1.07922646e+01	5.57900714e+01	3.32172970e+01
1.09580960e+01	5.39859516e+01	3.22100379e+01
1.11264755e+01	5.22356075e+01	3.12306769e+01
1.12974423e+01	5.05376270e+01	3.02785492e+01
1.14710362e+01	4.88906245e+01	2.93529653e+01
1.16472974e+01	4.72932418e+01	2.84532836e+01
1.18262671e+01	4.57441480e+01	2.75788825e+01
1.20079867e+01	4.42420392e+01	2.67291306e+01
1.21924986e+01	4.27856393e+01	2.59034253e+01
1.23798457e+01	4.13736992e+01	2.51011691e+01
1.25700715e+01	4.00049973e+01	2.43217534e+01
1.27632203e+01	3.86783389e+01	2.35645836e+01
1.29593369e+01	3.73925565e+01	2.28291029e+01
1.31584671e+01	3.61465090e+01	2.21148224e+01
1.33606570e+01	3.49390821e+01	2.14212466e+01
1.35659537e+01	3.37691873e+01	2.07477400e+01
1.37744050e+01	3.26357624e+01	2.00937260e+01
1.39860593e+01	3.15377705e+01	1.94587403e+01
1.42009658e+01	3.04741998e+01	1.88422962e+01
1.44191745e+01	2.94440636e+01	1.82439129e+01
1.46407361e+01	2.84463994e+01	1.76631117e+01
1.48657023e+01	2.74802689e+01	1.70993992e+01
1.50941252e+01	2.65447574e+01	1.65523072e+01
1.53260580e+01	2.56389734e+01	1.60214047e+01
1.55615546e+01	2.47620481e+01	1.55062128e+01
1.58006698e+01	2.39131354e+01	1.50063686e+01
1.60434592e+01	2.30914109e+01	1.45215015e+01
1.62899792e+01	2.22960718e+01	1.40511542e+01
1.65402872e+01	2.15263365e+01	1.35949241e+01
1.67944414e+01	2.07814438e+01	1.31524146e+01
1.70525008e+01	2.00606530e+01	1.27232512e+01
1.73145256e+01	1.93632432e+01	1.23070775e+01
1.75805765e+01	1.86885126e+01	1.19035358e+01
1.78507155e+01	1.80357787e+01	1.15122617e+01
1.81250054e+01	1.74043773e+01	1.11329114e+01
1.84035100e+01	1.67936625e+01	1.07651469e+01
1.86862941e+01	1.62030059e+01	1.04087628e+01
1.89734233e+01	1.56317966e+01	1.00633879e+01
1.92649644e+01	1.50794405e+01	9.72857425e+00
1.95609854e+01	1.45453599e+01	9.40408798e+00
1.98615549e+01	1.40289933e+01	9.08964827e+00
2.01667429e+01	1.35297951e+01	8.78497595e+00
2.04766203e+01	1.30472347e+01	8.48981529e+00
2.07912593e+01	1.25807967e+01	8.20387539e+00
2.11107329e+01	1.21299802e+01	7.92688778e+00
2.14351155e+01	1.16942985e+01	7.65857879e+00
2.17644825e+01	1.12732790e+01	7.39868681e+00
2.20989104e+01	1.08664624e+01	7.14696191e+00
2.24384771e+01	1.04734026e+01	6.90318556e+00
2.27832615e+01	1.00936666e+01	6.66716588e+00
2.31333437e+01	9.72683368e+00	6.43864988e+00
2.34888053e+01	9.37249540e+00	6.21741755e+00
2.38497287e+01	9.03025524e+00	6.00325126e+00
2.42161981e+01	8.69972825e+00	5.79593620e+00
2.45882985e+01	8.38054075e+00	5.59527400e+00
2.49661165e+01	8.07233008e+00	5.40106559e+00
2.53497400e+01	7.77474422e+00	5.21311877e+00
2.57392582e+01	7.48744161e+00	5.03124920e+00
2.61347616e+01	7.21009079e+00	4.85527030e+00
2.65363422e+01	6.94237020e+00	4.68517768e+00
2.69440935e+01	6.68396783e+00	4.51967402e+00
2.73581101e+01	6.43458105e+00	4.35938297e+00
2.77784884e+01	6.19391629e+00	4.20530544e+00
2.82053261e+01	5.96168886e+00	4.05628773e+00
2.86387226e+01	5.73762264e+00	3.91218290e+00
2.90787785e+01	5.52144988e+00	3.77284013e+00
2.95255962e+01	5.31291094e+00	3.63810335e+00
2.99792796e+01	5.11175411e+00	3.50783072e+00
3.04399342e+01	4.91773538e+00	3.38189301e+00
3.09076670e+01	4.73061818e+00	3.26016090e+00
3.13825870e+01	4.55017325e+00	3.14250617e+00
3.18648045e+01	4.37617835e+00	3.02879218e+00
3.23544316e+01	4.20841814e+00	2.91889451e+00
3.28515822e+01	4.04668393e+00	2.81270600e+00
3.33563720e+01	3.89077351e+00	2.71011104e+00
3.38689181e+01	3.74049100e+00	2.61098739e+00
3.43893400e+01	3.59564660e+00	2.51522649e+00
3.49177586e+01	3.45605641e+00	2.42272926e+00
3.54542967e+01	3.32154242e+00	2.33339306e+00
3.59990791e+01	3.19193213e+00	2.24711429e+00
3.65522325e+01	3.06705854e+00	2.16380082e+00
3.71138855e+01	2.94675990e+00	2.08335484e+00
3.76841688e+01	2.83087962e+00	2.00568081e+00
3.82632149e+01	2.71926607e+00	1.93069566e+00
3.88511585e+01	2.61177247e+00	1.85831221e+00
3.94481363e+01	2.50825673e+00	1.78844815e+00
4.00542871e+01	2.40858132e+00	1.72102247e+00
4.06697519e+01	2.31261313e+00	1.65595504e+00
4.12946738e+01	2.22022335e+00	1.59316804e+00
4.19291981e+01	2.13128732e+00	1.53259397e+00
4.25734723e+01	2.04568443e+00	1.47415277e+00
4.32276463e+01	1.96329798e+00	1.41777309e+00
4.38918722e+01	1.88401510e+00	1.36339815e+00
4.45663044e+01	1.80772657e+00	1.31094599e+00
4.52510998e+01	1.73432677e+00	1.26036058e+00
4.59464176e+01	1.66371354e+00	1.21159364e+00
4.66524195e+01	1.59578809e+00	1.16457714e+00
4.73692697e+01	1.53045488e+00	1.11924998e+00
4.80971348e+01	1.46762154e+00	1.07555749e+00
4.88361841e+01	1.40719877e+00	1.03344407e+00
4.95865894e+01	1.34910023e+00	9.92856861e-01
5.03485253e+01	1.29324245e+00	9.53747348e-01
5.11221690e+01	1.23954479e+00	9.16063672e-01
5.19077003e+01	1.18792927e+00	8.79757911e-01
5.27053018e+01	1.13832054e+00	8.44782415e-01
5.35151591e+01	1.09064580e+00	8.11093105e-01
5.43374605e+01	1.04483471e+00	7.78648172e-01
5.51723972e+01	1.00081930e+00	7.47403165e-01
5.60201634e+01	9.58533924e-01	7.17316686e-01
5.68809561e+01	9.17915172e-01	6.88350957e-01
5.77549755e+01	8.78901785e-01	6.60466390e-01
5.86424249e+01	8.41434605e-01	6.33624951e-01
5.95435107e+01	8.05456506e-01	6.07791312e-01
6.04584423e+01	7.70912326e-01	5.82930778e-01
6.13874326e+01	7.37748805e-01	5.59009256e-01
6.23306975e+01	7.05914526e-01	5.35991979e-01
6.32884564e+01	6.75359854e-01	5.13849498e-01
6.42609320e+01	6.46036878e-01	4.92552900e-01
6.52483504e+01	6.17899358e-01	4.72071128e-01
6.62509413e+01	5.90902671e-01	4.52374696e-01
6.72689377e+01	5.65003756e-01	4.33435269e-01
6.83025765e+01	5.40161065e-01	4.15227395e-01
6.93520978e+01	5.16334513e-01	3.97725183e-01
7.04177459e+01	4.93485429e-01	3.80902503e-01
7.14997685e+01	4.71576511e-01	3.64734655e-01
7.25984172e+01	4.50571783e-01	3.49198870e-01
7.37139475e+01	4.30436546e-01	3.34272967e-01
7.48466187e+01	4.11137343e-01	3.19934625e-01
7.59966943e+01	3.92641912e-01	3.06162257e-01
7.71644417e+01	3.74919149e-01	2.92935512e-01
7.83501325e+01	3.57939069e-01	2.80234783e-01
7.95540423e+01	3.41672768e-01	2.68040080e-01
8.07764510e+01	3.26092387e-01	2.56333083e-01
8.20176431e+01	3.11171078e-01	2.45096047e-01
8.32779069e+01	2.96882968e-01	2.34311094e-01
8.45575357e+01	2.83203128e-01	2.23962037e-01
8.58568270e+01	2.70107540e-01	2.14032827e-01
8.71760829e+01	2.57573066e-01	2.04507648e-01
8.85156102e+01	2.45577420e-01	1.95371402e-01
8.98757203e+01	2.34099134e-01	1.86609586e-01
9.12567296e+01	2.23117538e-01	1.78207732e-01
9.26589591e+01	2.12612723e-01	1.70152557e-01
9.40827350e+01	2.02565525e-01	1.62431466e-01
9.55283882e+01	1.92957491e-01	1.55031101e-01
9.69962551e+01	1.83770857e-01	1.47939226e-01
9.84866768e+01	1.74988528e-01	1.41144595e-01
1.00000000e+02	1.66594048e-01	1.34635619e-01
1.01536577e+02	1.58571582e-01	1.28401030e-01
1.03096764e+02	1.50905895e-01	1.22430599e-01
1.04680925e+02	1.43582328e-01	1.16714147e-01
1.06289427e+02	1.36586779e-01	1.11241534e-01
1.07922646e+02	1.29905686e-01	1.06003192e-01
1.09580960e+02	1.23526002e-01	1.00989930e-01
1.11264755e+02	1.17435184e-01	9.61931896e-02
1.12974423e+02	1.11621169e-01	9.16044946e-02
1.14710362e+02	1.06072360e-01	8.72155480e-02
1.16472974e+02	1.00777609e-01	8.30184955e-02
1.18262671e+02	9.57261997e-02	7.90054383e-02
1.20079867e+02	9.09078338e-02	7.51689468e-02
1.21924986e+02	8.63126146e-02	7.15020556e-02
1.23798457e+02	8.19310332e-02	6.79979600e-02
1.25700715e+02	7.77539539e-02	6.46501681e-02
1.27632203e+02	7.37726013e-02	6.14523678e-02
1.29593369e+02	6.99785465e-02	5.83983805e-02
1.31584671e+02	6.63636951e-02	5.54823627e-02
1.33606570e+02	6.29202744e-02	5.26986164e-02
1.35659537e+02	5.96408220e-02	5.00416282e-02
1.37744050e+02	5.65181741e-02	4.75062626e-02
1.39860593e+02	5.35454546e-02	4.50875071e-02
1.42009658e+02	5.07160645e-02	4.27804232e-02
1.44191745e+02	4.80236713e-02	4.05803984e-02
1.46407361e+02	4.54621997e-02	3.84828700e-02
1.48657023e+02	4.30258212e-02	3.64832951e-02
1.50941252e+02	4.07089455e-02	3.45777667e-02
1.53260580e+02	3.85062112e-02	3.27623573e-02
1.55615546e+02	3.64124772e-02	3.10331972e-02
1.58006698e+02	3.44228146e-02	2.93865179e-02
1.60434592e+02	3.25324984e-02	2.78186682e-02
1.62899792e+02	3.07370000e-02	2.63263612e-02
1.65402872e+02	2.90319792e-02	2.49063227e-02
1.67944414e+02	2.74132776e-02	2.35553816e-02
1.70525008e+02	2.58769113e-02	2.22705012e-02
1.73145256e+02	2.44190644e-02	2.10487740e-02
1.75805765e+02	2.30360821e-02	1.98873992e-02
1.78507155e+02	2.17244648e-02	1.87837051e-02
1.81250054e+02	2.04808622e-02	1.77351398e-02
1.84035100e+02	1.93020668e-02	1.67392306e-02
1.86862941e+02	1.81850093e-02	1.57934533e-02
1.89734233e+02	1.71267522e-02	1.48957292e-02
1.92649644e+02	1.61244855e-02	1.40439285e-02
1.95609854e+02	1.51755208e-02	1.32357502e-02
1.98615549e+02	1.42772871e-02	1.24692983e-02
2.01667429e+02	1.34273262e-02	1.17426497e-02
2.04766203e+02	1.26232874e-02	1.10539104e-02
2.07912593e+02	1.18629242e-02	1.04012674e-02
2.11107329e+02	1.11440894e-02	9.78312609e-03
2.14351155e+02	1.04647315e-02	9.19790339e-03
2.17644825e+02	9.82289049e-03	8.64394605e-03
2.20989104e+02	9.21669456e-03	8.11977025e-03
2.24384771e+02	8.64435611e-03	7.62397216e-03
2.27832615e+02	8.10416850e-03	7.15517005e-03
2.31333437e+02	7.59450272e-03	6.71203488e-03
2.34888053e+02	7.11380415e-03	6.29334317e-03
2.38497287e+02	6.66058951e-03	5.89793817e-03
2.42161981e+02	6.23344388e-03	5.52463968e-03
2.45882985e+02	5.83101790e-03	5.17235205e-03
2.49661165e+02	5.45202495e-03	4.84004363e-03
2.53497400e+02	5.09523861e-03	4.52668627e-03
2.57392582e+02	4.75949003e-03	4.23134826e-03
2.61347616e+02	4.44366558e-03	3.95310151e-03
2.65363422e+02	4.14670444e-03	3.69106079e-03
2.69440935e+02	3.86759638e-03	3.44442483e-03
2.73581101e+02	3.60537960e-03	3.21239364e-03
2.77784884e+02	3.35913860e-03	2.99418515e-03
2.82053261e+02	3.12800226e-03	2.78906329e-03
2.86387226e+02	2.91114183e-03	2.59635310e-03
2.90787785e+02	2.70776916e-03	2.41540837e-03
2.95255962e+02	2.51713486e-03	2.24559823e-03
2.99792796e+02	2.33852665e-03	2.08631126e-03
3.04399342e+02	2.17126768e-03	1.93697819e-03
3.09076670e+02	2.01471499e-03	1.79705609e-03
3.13825870e+02	1.86825798e-03	1.66604019e-03
3.18648045e+02	1.73131699e-03	1.54343890e-03
3.23544316e+02	1.60334187e-03	1.42875058e-03
3.28515822e+02	1.48381067e-03	1.32153388e-03
3.33563720e+02	1.37222836e-03	1.22137229e-03
3.38689181e+02	1.26812558e-03	1.12785833e-03
3.43893400e+02	1.17105751e-03	1.04061735e-03
3.49177586e+02	1.08060269e-03	9.59283972e-04
3.54542967e+02	9.96361958e-04	8.83515550e-04
3.59990791e+02	9.17957404e-04	8.12980744e-04
3.65522325e+02	8.45031385e-04	7.47362427e-04
3.71138855e+02	7.77245565e-04	6.86366206e-04
3.76841688e+02	7.14279997e-04	6.29711348e-04
3.82632149e+02	6.55832249e-04	5.77140339e-04
3.88511585e+02	6.01616565e-04	5.28396320e-04
3.94481363e+02	5.51363061e-04	4.83232310e-04
4.00542871e+02	5.04816953e-04	4.41426835e-04
4.06697519e+02	4.61737820e-04	4.02767594e-04
4.12946738e+02	4.21898900e-04	3.67049712e-04
4.19291981e+02	3.85086413e-04	3.34080802e-04
4.25734723e+02	3.51098911e-04	3.03682963e-04
4.32276463e+02	3.19746668e-04	2.75685215e-04
4.38918722e+02	2.90851078e-04	2.49924342e-04
4.45663044e+02	2.64244096e-04	2.26247941e-04
4.52510998e+02	2.39767695e-04	2.04513606e-04
4.59464176e+02	2.17273345e-04	1.84586462e-04
4.66524195e+02	1.96621524e-04	1.66337980e-04
4.73692697e+02	1.77681243e-04	1.49647795e-04
4.80971348e+02	1.60329594e-04	1.34404140e-04
4.88361841e+02	1.44451318e-04	1.20501369e-04
4.95865894e+02	1.29938397e-04	1.07839791e-04
5.03485253e+02	1.16689655e-04	9.63261961e-05
5.11221690e+02	1.04610390e-04	8.58728205e-05
5.19077003e+02	9.36120104e-05	7.63975695e-05
5.27053018e+02	8.36116970e-05	6.78226216e-05
5.35151591e+02	7.45320770e-05	6.00760087e-05
5.43374605e+02	6.63009138e-05	5.30914828e-05
5.51723972e+02	5.88508123e-05	4.68057423e-05
5.60201634e+02	5.21189379e-05	4.11603241e-05
5.68809561e+02	4.60467494e-05	3.61005096e-05
5.77549755e+02	4.05797447e-05	3.15756363e-05
5.86424249e+02	3.56672195e-05	2.75384867e-05
5.95435107e+02	3.12620383e-05	2.39451049e-05
6.04584423e+02	2.73204168e-05	2.07553149e-05
6.13874326e+02	2.38017162e-05	1.79308856e-05
6.23306975e+02	2.06682477e-05	1.54364694e-05
6.32884564e+02	1.78850882e-05	1.32405949e-05
6.42609320e+02	1.54199064e-05	1.13132921e-05
6.52483504e+02	1.32427976e-05	9.62703249e-06
6.62509413e+02	1.13261276e-05	8.15689434e-06
6.72689377e+02	9.64439028e-06	6.87987946e-06
6.83025765e+02	8.17407101e-06	5.77485355e-06
6.93520978e+02	6.89351349e-06	4.82258840e-06
7.04177459e+02	5.78280160e-06	4.00551108e-06
7.14997685e+02	4.82364545e-06	3.30764817e-06
7.25984172e+02	3.99927829e-06	2.71459928e-06
7.37139475e+02	3.29435796e-06	2.21321591e-06
7.48466187e+02	2.69487242e-06	1.79169485e-06
7.59966943e+02	2.18805512e-06	1.43948718e-06
7.71644417e+02	1.76230475e-06	1.14708331e-06
7.83501325e+02	1.40711016e-06	9.06032362e-07
7.95540423e+02	1.11297984e-06	7.08821362e-07
8.07764510e+02	8.71375683e-07	5.48778178e-07
8.20176431e+02	6.74649740e-07	4.20038755e-07
8.32779069e+02	5.15985970e-07	3.17484875e-07
8.45575357e+02	3.89343329e-07	2.36655020e-07
8.58568270e+02	2.89399805e-07	1.73683219e-07
8.71760829e+02	2.11499761e-07	1.25250605e-07
8.85156102e+02	1.51602827e-07	8.85287777e-08
8.98757203e+02	1.06235319e-07	6.11171725e-08
9.12567296e+02	7.24395993e-08	4.10115930e-08
9.26589591e+02	4.77237810e-08	2.65584049e-08
9.40827350e+02	3.00168707e-08	1.63997098e-08
9.55283882e+02	1.76221174e-08	9.43955840e-09
9.69962551e+02	9.17019767e-09	4.81059459e-09
9.84866768e+02	3.57659583e-09	1.83613987e-09
