# W_Value Elastic Inelastic
1.00000000e+01	1.08983731e+01	6.05865419e+00
1.01536577e+01	1.04184303e+01	5.80439032e+00
1.03096764e+01	9.95834081e+00	5.55991775e+00
1.04680925e+01	9.51737627e+00	5.32486334e+00
1.06289427e+01	9.09482673e+00	5.09898561e+00
1.07922646e+01	8.69000132e+00	4.88316799e+00
1.09580960e+01	8.30222845e+00	4.67522859e+00
1.11264755e+01	7.93085594e+00	4.47600867e+00
1.12974423e+01	7.57525106e+00	4.28409623e+00
1.14710362e+01	7.23480056e+00	4.10039349e+00
1.16472974e+01	6.90891047e+00	3.92414015e+00
1.18262671e+01	6.59700606e+00	3.75502624e+00
1.20079867e+01	6.29853138e+00	3.59278191e+00
1.21924986e+01	6.01294925e+00	3.43727849e+00
1.23798457e+01	5.73974111e+00	3.28830228e+00
1.25700715e+01	5.47840591e+00	3.14542535e+00
1.27632203e+01	5.22846059e+00	3.00835079e+00
1.29593369e+01	4.98943930e+00	2.87707051e+00
1.31584671e+01	4.76089306e+00	2.75078750e+00
1.33606570e+01	4.54238931e+00	2.63038505e+00
1.35659537e+01	4.33351152e+00	2.51479955e+00
1.37744050e+01	4.13385873e+00	2.40412261e+00
1.39860593e+01	3.94304513e+00	2.29819791e+00
1.42009658e+01	3.76069960e+00	2.19675084e+00
1.44191745e+01	3.58646529e+00	2.09957577e+00
1.46407361e+01	3.41999919e+00	2.00646405e+00
1.48657023e+01	3.26097136e+00	1.91714561e+00
1.50941252e+01	3.10906542e+00	1.83206170e+00
1.53260580e+01	2.96397696e+00	1.75019728e+00
1.55615546e+01	2.82541390e+00	1.67256521e+00
1.58006698e+01	2.69309576e+00	1.59742834e+00
1.60434592e+01	2.56675339e+00	1.52586751e+00
1.62899792e+01	2.44612848e+00	1.45736121e+00
1.65402872e+01	2.33097321e+00	1.39179567e+00
1.67944414e+01	2.22104990e+00	1.32908135e+00
1.70525008e+01	2.11613053e+00	1.26904405e+00
1.73145256e+01	2.01599656e+00	1.21170592e+00
1.75805765e+01	1.92043846e+00	1.15683341e+00
1.78507155e+01	1.82925533e+00	1.10433296e+00
1.81250054e+01	1.74225471e+00	1.05411779e+00
1.84035100e+01	1.65925213e+00	1.00617752e+00
1.86862941e+01	1.58007089e+00	9.59893114e-01
1.89734233e+01	1.50454172e+00	9.16206183e-01
1.92649644e+01	1.43250246e+00	8.74269006e-01
1.95609854e+01	1.36379786e+00	8.34195806e-01
1.98615549e+01	1.29827924e+00	7.95895122e-01
2.01667429e+01	1.23580433e+00	7.59307400e-01
2.04766203e+01	1.17623660e+00	7.24308989e-01
2.07912593e+01	1.11944592e+00	6.90857902e-01
2.11107329e+01	1.06530737e+00	6.58904787e-01
2.14351155e+01	1.01370150e+00	6.28401391e-01
2.17644825e+01	9.64513997e-01	5.99165822e-01
2.20989104e+01	9.17635529e-01	5.71529527e-01
2.24384771e+01	8.72961491e-01	5.44782736e-01
2.27832615e+01	8.30391837e-01	5.19384476e-01
2.31333437e+01	7.89830859e-01	4.95129324e-01
2.34888053e+01	7.51187051e-01	4.71954797e-01
2.38497287e+01	7.14373017e-01	4.49828561e-01
2.42161981e+01	6.79304766e-01	4.28685916e-01
2.45882985e+01	6.45902631e-01	4.08536723e-01
2.49661165e+01	6.14090053e-01	3.89293326e-01
2.53497400e+01	5.83793947e-01	3.70917602e-01
2.57392582e+01	5.54944451e-01	3.53367825e-01
2.61347616e+01	5.27474841e-01	3.36666404e-01
2.65363422e+01	5.01321319e-01	3.20045050e-01
2.69440935e+01	4.76422963e-01	3.05355675e-01
2.73581101e+01	4.52721524e-01	2.90688138e-01
2.77784884e+01	4.30161343e-01	2.76949825e-01
2.82053261e+01	4.08689334e-01	2.63717315e-01
2.86387226e+01	3.88254785e-01	2.51103955e-01
2.90787785e+01	3.68809194e-01	2.39065738e-01
2.95255962e+01	3.50306286e-01	2.27581152e-01
2.99792796e+01	3.32701872e-01	2.16617200e-01
3.04399342e+01	3.15953761e-01	2.06185380e-01
3.09076670e+01	3.00021672e-01	1.96228218e-01
3.13825870e+01	2.84867156e-01	1.86775623e-01
3.18648045e+01	2.70453509e-01	1.77686606e-01
3.23544316e+01	2.56745708e-01	1.69061448e-01
3.28515822e+01	2.43710306e-01	1.60839581e-01
3.33563720e+01	2.31315426e-01	1.52996155e-01
3.38689181e+01	2.19530564e-01	1.45531583e-01
3.43893400e+01	2.08326836e-01	1.38415636e-01
3.49177586e+01	1.97676309e-01	1.31634220e-01
3.54542967e+01	1.87552693e-01	1.25175177e-01
3.59990791e+01	1.77930750e-01	1.19020496e-01
3.65522325e+01	1.68786434e-01	1.13155833e-01
3.71138855e+01	1.60096787e-01	1.07570225e-01
3.76841688e+01	1.51839968e-01	1.02255677e-01
3.82632149e+01	1.43995117e-01	9.71892414e-02
3.88511585e+01	1.36542352e-01	9.23668306e-02
3.94481363e+01	1.29462697e-01	8.77713669e-02
4.00542871e+01	1.22738118e-01	8.34025389e-02
4.06697519e+01	1.16351373e-01	7.92405530e-02
4.12946738e+01	1.10286045e-01	7.52791384e-02
4.19291981e+01	1.04526488e-01	7.15068280e-02
4.25734723e+01	9.90577949e-02	6.79182584e-02
4.32276463e+01	9.38657573e-02	6.45038927e-02
4.38918722e+01	8.89368396e-02	6.12538631e-02
4.45663044e+01	8.42581459e-02	5.81633771e-02
4.52510998e+01	7.98173913e-02	5.52211797e-02
4.59464176e+01	7.56028788e-02	5.24237207e-02
4.66524195e+01	7.16034488e-02	4.97600436e-02
4.73692697e+01	6.78084972e-02	4.72295754e-02
4.80971348e+01	6.42079126e-02	4.48237469e-02
4.88361841e+01	6.07920738e-02	4.25343015e-02
4.95865894e+01	5.75518146e-02	4.03567973e-02
5.03485253e+01	5.44784057e-02	3.82878828e-02
5.11221690e+01	5.15635396e-02	3.63198178e-02
5.19077003e+01	4.87993229e-02	3.44509342e-02
5.27053018e+01	4.61782210e-02	3.26737149e-02
5.35151591e+01	4.36930720e-02	3.09839474e-02
5.43374605e+01	4.13370608e-02	2.93796250e-02
5.51723972e+01	3.91037023e-02	2.78541879e-02
5.60201634e+01	3.69868265e-02	2.64053591e-02
5.68809561e+01	3.49805637e-02	2.50293362e-02
5.77549755e+01	3.30793277e-02	2.37217379e-02
5.86424249e+01	3.12778087e-02	2.24799724e-02
5.95435107e+01	2.95709537e-02	2.13007335e-02
6.04584423e+01	2.79539580e-02	2.01810895e-02
6.13874326e+01	2.64222524e-02	1.91179797e-02
6.23306975e+01	2.49714924e-02	1.81087290e-02
6.32884564e+01	2.35975471e-02	1.71502513e-02
6.42609320e+01	2.22964913e-02	1.62411585e-02
6.52483504e+01	2.10645884e-02	1.53780972e-02
6.62509413e+01	1.98982900e-02	1.45588472e-02
6.72689377e+01	1.87942261e-02	1.37808824e-02
6.83025765e+01	1.77491912e-02	1.30441308e-02
6.93520978e+01	1.67601398e-02	1.23446484e-02
7.04177459e+01	1.58241782e-02	1.16811949e-02
7.14997685e+01	1.49385572e-02	1.10520664e-02
7.25984172e+01	1.41006647e-02	1.04554007e-02
7.37139475e+01	1.33080198e-02	9.88977986e-03
7.48466187e+01	1.25582659e-02	9.35281004e-03
7.59966943e+01	1.18491651e-02	8.84441975e-03
7.71644417e+01	1.11785923e-02	8.36245448e-03
7.83501325e+01	1.05445295e-02	7.90551501e-03
7.95540423e+01	9.94506073e-03	7.47261048e-03
8.07764510e+01	9.37836722e-03	7.06237939e-03
8.20176431e+01	8.84272237e-03	6.67353372e-03
8.32779069e+01	8.33648735e-03	6.30544475e-03
8.45575357e+01	7.85810683e-03	5.95666819e-03
8.58568270e+01	7.40610481e-03	5.62633832e-03
8.71760829e+01	6.97908075e-03	5.31373634e-03
8.85156102e+01	6.57570581e-03	5.01772794e-03
8.98757203e+01	6.19471936e-03	4.73706802e-03
9.12567296e+01	5.83492625e-03	4.47197340e-03
9.26589591e+01	5.49519041e-03	4.22088589e-03
9.40827350e+01	5.17443723e-03	3.98308634e-03
9.55283882e+01	4.87164660e-03	3.75815153e-03
9.69962551e+01	4.58585124e-03	3.54535814e-03
9.84866768e+01	4.31613405e-03	3.34407571e-03
1.00000000e+02	4.06162560e-03	3.15392258e-03
1.01536577e+02	3.82150171e-03	2.97374978e-03
1.03096764e+02	3.59498122e-03	2.80361379e-03
1.04680925e+02	3.38132385e-03	2.64273539e-03
1.06289427e+02	3.17982807e-03	2.49058762e-03
1.07922646e+02	2.98982921e-03	2.34687275e-03
1.09580960e+02	2.81069757e-03	2.21090649e-03
1.11264755e+02	2.64183662e-03	2.08264403e-03
1.12974423e+02	2.48268136e-03	1.96140052e-03
1.14710362e+02	2.33269667e-03	1.84682400e-03
1.16472974e+02	2.19137580e-03	1.73868873e-03
1.18262671e+02	2.05823895e-03	1.63644711e-03
1.20079867e+02	1.93283183e-03	1.54007513e-03
1.21924986e+02	1.81472441e-03	1.44906562e-03
1.23798457e+02	1.70350965e-03	1.36316015e-03
1.25700715e+02	1.59880229e-03	1.28210004e-03
1.27632203e+02	1.50023777e-03	1.20562590e-03
1.29593369e+02	1.40747115e-03	1.13344509e-03
1.31584671e+02	1.32017607e-03	1.06540481e-03
1.33606570e+02	1.23804380e-03	1.00110442e-03
1.35659537e+02	1.16078234e-03	9.40681699e-04
1.37744050e+02	1.08811552e-03	8.83678037e-04
1.39860593e+02	1.01978220e-03	8.29890889e-04
1.42009658e+02	9.55535457e-04	7.79222715e-04
1.44191745e+02	8.95141857e-04	7.31473419e-04
1.46407361e+02	8.38380748e-04	6.86559532e-04
1.48657023e+02	7.85043583e-04	6.44153418e-04
1.50941252e+02	7.34933279e-04	6.04290235e-04
1.53260580e+02	6.87863618e-04	5.66766981e-04
1.55615546e+02	6.43658666e-04	5.31419054e-04
1.58006698e+02	6.02152229e-04	4.98175695e-04
1.60434592e+02	5.63187339e-04	4.66883189e-04
1.62899792e+02	5.26615740e-04	4.37424287e-04
1.65402872e+02	4.92297507e-04	4.09749353e-04
1.67944414e+02	4.60100444e-04	3.83709826e-04
1.70525008e+02	4.29899821e-04	3.59248815e-04
1.73145256e+02	4.01577898e-04	3.36246710e-04
1.75805765e+02	3.75023564e-04	3.14643299e-04
1.78507155e+02	3.50131981e-04	2.94321019e-04
1.81250054e+02	3.26804242e-04	2.75275551e-04
1.84035100e+02	3.04947050e-04	2.57359189e-04
1.86862941e+02	2.84472415e-04	2.40522079e-04
1.89734233e+02	2.65297363e-04	2.24746070e-04
1.92649644e+02	2.47343665e-04	2.09930186e-04
1.95609854e+02	2.30537575e-04	1.96033024e-04
1.98615549e+02	2.14809585e-04	1.83000446e-04
2.01667429e+02	2.00094192e-04	1.70786938e-04
2.04766203e+02	1.86329679e-04	1.59337649e-04
2.07912593e+02	1.73457903e-04	1.48590154e-04
2.11107329e+02	1.61424102e-04	1.38538286e-04
2.14351155e+02	1.50176701e-04	1.29117313e-04
2.17644825e+02	1.39667141e-04	1.20290272e-04
2.20989104e+02	1.29849707e-04	1.12031751e-04
2.24384771e+02	1.20681371e-04	1.04299848e-04
2.27832615e+02	1.12121642e-04	9.70626394e-05
2.31333437e+02	1.04132419e-04	9.03002983e-05
2.34888053e+02	9.66778630e-05	8.39731285e-05
2.38497287e+02	8.97242655e-05	7.80624816e-05
2.42161981e+02	8.32399284e-05	7.25389424e-05
2.45882985e+02	7.71950503e-05	6.73781754e-05
2.49661165e+02	7.15616185e-05	6.25546739e-05
2.53497400e+02	6.63133072e-05	5.80551728e-05
2.57392582e+02	6.14253807e-05	5.38561441e-05
2.61347616e+02	5.68746026e-05	4.99374588e-05
2.65363422e+02	5.26391491e-05	4.62858270e-05
2.69440935e+02	4.86985279e-05	4.28765351e-05
2.73581101e+02	4.50335013e-05	3.97021007e-05
2.77784884e+02	4.16260130e-05	3.67445154e-05
2.82053261e+02	3.84591197e-05	3.39916332e-05
2.86387226e+02	3.55169263e-05	3.14268563e-05
2.90787785e+02	3.27845244e-05	2.90410175e-05
2.95255962e+02	3.02479341e-05	2.68225513e-05
2.99792796e+02	2.78940500e-05	2.47560609e-05
3.04399342e+02	2.57105892e-05	2.28450427e-05
3.09076670e+02	2.36860426e-05	2.10651058e-05
3.13825870e+02	2.18096288e-05	1.94115782e-05
3.18648045e+02	2.00712513e-05	1.78782596e-05
3.23544316e+02	1.84614569e-05	1.64552313e-05
3.28515822e+02	1.69713974e-05	1.51371005e-05
3.33563720e+02	1.55927932e-05	1.39141955e-05
3.38689181e+02	1.43178990e-05	1.27815532e-05
3.43893400e+02	1.31394714e-05	1.17336545e-05
3.49177586e+02	1.20507382e-05	1.07638391e-05
3.54542967e+02	1.10453701e-05	9.86678009e-06
3.59990791e+02	1.01174530e-05	9.03781611e-06
3.65522325e+02	9.26146314e-06	8.27228321e-06
3.71138855e+02	8.47224239e-06	7.56539951e-06
3.76841688e+02	7.74497607e-06	6.91357143e-06
3.82632149e+02	7.07517146e-06	6.31283305e-06
3.88511585e+02	6.45863771e-06	5.75855187e-06
3.94481363e+02	5.89146699e-06	5.24912340e-06
4.00542871e+02	5.37001665e-06	4.77979270e-06
4.06697519e+02	4.89089252e-06	4.34868642e-06
4.12946738e+02	4.45093320e-06	3.95232777e-06
4.19291981e+02	4.04719516e-06	3.58865247e-06
4.25734723e+02	3.67693892e-06	3.25470687e-06
4.32276463e+02	3.33761589e-06	2.94916461e-06
4.38918722e+02	3.02685610e-06	2.66882635e-06
4.45663044e+02	2.74245663e-06	2.41270012e-06
4.52510998e+02	2.48237076e-06	2.17835219e-06
4.59464176e+02	2.24469772e-06	1.96435499e-06
4.66524195e+02	2.02767317e-06	1.76908389e-06
4.73692697e+02	1.82966015e-06	1.59117178e-06
4.80971348e+02	1.64914068e-06	1.42906998e-06
4.88361841e+02	1.48470778e-06	1.28171762e-06
4.95865894e+02	1.33505806e-06	1.14779804e-06
5.03485253e+02	1.19898474e-06	1.02610192e-06
5.11221690e+02	1.07537111e-06	9.16142775e-07
5.19077003e+02	9.63184366e-07	8.16359376e-07
5.27053018e+02	8.61469882e-07	7.26256696e-07
5.35151591e+02	7.69345799e-07	6.44867769e-07
5.43374605e+02	6.85997973e-07	5.71523081e-07
5.51723972e+02	6.10675243e-07	5.05487413e-07
5.60201634e+02	5.42684990e-07	4.46169697e-07
5.68809561e+02	4.81388984e-07	3.92910712e-07
5.77549755e+02	4.26199492e-07	3.45247225e-07
5.86424249e+02	3.76575639e-07	3.02610863e-07
5.95435107e+02	3.32019997e-07	2.64584959e-07
6.04584423e+02	2.92075404e-07	2.30703154e-07
6.13874326e+02	2.56321978e-07	2.00594819e-07
6.23306975e+02	2.24374331e-07	1.73924238e-07
6.32884564e+02	1.95878971e-07	1.50306735e-07
6.42609320e+02	1.70511866e-07	1.29475170e-07
6.52483504e+02	1.47976178e-07	1.11151699e-07
6.62509413e+02	1.28000149e-07	9.50718103e-08
6.72689377e+02	1.10335482e-07	8.09983764e-08
6.83025765e+02	9.47540476e-08	6.87127253e-08
6.93520978e+02	8.10484411e-08	5.80455537e-08
7.04177459e+02	6.90288434e-08	4.87957725e-08
7.14997685e+02	5.85219585e-08	4.08173459e-08
7.25984172e+02	4.93698416e-08	3.39623760e-08
7.37139475e+02	4.14278926e-08	2.80955002e-08
7.48466187e+02	3.45651540e-08	2.30993187e-08
7.59966943e+02	2.86613169e-08	1.88651951e-08
7.71644417e+02	2.36077225e-08	1.52973198e-08
7.83501325e+02	1.93052677e-08	1.23094283e-08
7.95540423e+02	1.56639238e-08	9.82161294e-09
8.07764510e+02	1.26020141e-08	7.76604736e-09
8.20176431e+02	1.00455618e-08	6.07959344e-09
8.32779069e+02	7.92770322e-09	4.71050808e-09
8.45575357e+02	6.18815874e-09	3.60672452e-09
8.58568270e+02	4.77275708e-09	2.72816938e-09
8.71760829e+02	3.63300457e-09	2.03535248e-09
8.85156102e+02	2.72575362e-09	1.49434591e-09
8.98757203e+02	2.01267848e-09	1.07890830e-09
9.12567296e+02	1.45995657e-09	7.63847069e-10
9.26589591e+02	1.03828524e-09	5.29244749e-10
9.40827350e+02	7.22277773e-10	3.57684430e-10
9.55283882e+02	4.89972941e-10	2.34876890e-10
9.69962551e+02	3.23040283e-10	1.49233873e-10
9.84866768e+02	2.06114388e-10	9.11790001e-11
