# W_Value Elastic Inelastic
1.00000000e+01	1.95537746e-03	1.44679680e-03
1.01536577e+01	1.90914560e-03	1.41750629e-03
1.03096764e+01	1.86394720e-03	1.38882544e-03
1.04680925e+01	1.81976020e-03	1.36074284e-03
1.06289427e+01	1.77656301e-03	1.33317699e-03
1.07922646e+01	1.73433448e-03	1.30615131e-03
1.09580960e+01	1.69305390e-03	1.27963109e-03
1.11264755e+01	1.65270097e-03	1.25361348e-03
1.12974423e+01	1.61325582e-03	1.22809380e-03
1.14710362e+01	1.57469899e-03	1.20307535e-03
1.16472974e+01	1.53701142e-03	1.17854904e-03
1.18262671e+01	1.50017445e-03	1.15450395e-03
1.20079867e+01	1.46416978e-03	1.13091178e-03
1.21924986e+01	1.42897951e-03	1.10778025e-03
1.23798457e+01	1.39458612e-03	1.08510339e-03
1.25700715e+01	1.36097243e-03	1.06287093e-03
1.27632203e+01	1.32812162e-03	1.04107046e-03
1.29593369e+01	1.29601723e-03	1.01969451e-03
1.31584671e+01	1.26464313e-03	9.98733996e-04
1.33606570e+01	1.23398353e-03	9.78182346e-04
1.35659537e+01	1.20402297e-03	9.58031117e-04
1.37744050e+01	1.17474629e-03	9.38279064e-04
1.39860593e+01	1.14613869e-03	9.18915968e-04
1.42009658e+01	1.11818563e-03	8.99926453e-04
1.44191745e+01	1.09087289e-03	8.81277167e-04
1.46407361e+01	1.06418657e-03	8.63058507e-04
1.48657023e+01	1.03811301e-03	8.45168225e-04
1.50941252e+01	1.01263891e-03	8.27629053e-04
1.53260580e+01	9.87751157e-04	8.10451813e-04
1.55615546e+01	9.63436977e-04	7.93592313e-04
1.58006698e+01	9.39683838e-04	7.77067897e-04
1.60434592e+01	9.16479476e-04	7.60851447e-04
1.62899792e+01	8.93811886e-04	7.44970451e-04
1.65402872e+01	8.71669303e-04	7.29397885e-04
1.67944414e+01	8.50040229e-04	7.14138724e-04
1.70525008e+01	8.28913380e-04	6.99173242e-04
1.73145256e+01	8.08277729e-04	6.84508125e-04
1.75805765e+01	7.88122487e-04	6.70134119e-04
1.78507155e+01	7.68437066e-04	6.56040840e-04
1.81250054e+01	7.49211123e-04	6.42229715e-04
1.84035100e+01	7.30434522e-04	6.28691346e-04
1.86862941e+01	7.12097347e-04	6.15420812e-04
1.89734233e+01	6.94189889e-04	6.02412547e-04
1.92649644e+01	6.76702639e-04	5.89667016e-04
1.95609854e+01	6.59626294e-04	5.77111812e-04
1.98615549e+01	6.42951741e-04	5.64936067e-04
2.01667429e+01	6.26670075e-04	5.52934524e-04
2.04766203e+01	6.10772562e-04	5.41152728e-04
2.07912593e+01	5.95250671e-04	5.29645382e-04
2.11107329e+01	5.80096030e-04	5.18355335e-04
2.14351155e+01	5.65300465e-04	5.07286085e-04
2.17644825e+01	5.50855964e-04	4.96443175e-04
2.20989104e+01	5.36754686e-04	4.85821940e-04
2.24384771e+01	5.22988962e-04	4.75404080e-04
2.27832615e+01	5.09551283e-04	4.65193162e-04
2.31333437e+01	4.96434305e-04	4.55182338e-04
2.34888053e+01	4.83630827e-04	4.45381202e-04
2.38497287e+01	4.71133828e-04	4.35779196e-04
2.42161981e+01	4.58936383e-04	4.26365842e-04
2.45882985e+01	4.47031784e-04	4.17142178e-04
2.49661165e+01	4.35413428e-04	4.08113839e-04
2.53497400e+01	4.24074858e-04	3.99253695e-04
2.57392582e+01	4.13009750e-04	3.90576336e-04
2.61347616e+01	4.02211937e-04	3.82080492e-04
2.65363422e+01	3.91675363e-04	3.73751023e-04
2.69440935e+01	3.81394118e-04	3.65595148e-04
2.73581101e+01	3.71362397e-04	3.57602545e-04
2.77784884e+01	3.61574554e-04	3.49772648e-04
2.82053261e+01	3.52024978e-04	3.42108530e-04
2.86387226e+01	3.42708326e-04	3.34591227e-04
2.90787785e+01	3.33619257e-04	3.27214779e-04
2.95255962e+01	3.24752585e-04	3.20021242e-04
2.99792796e+01	3.16103220e-04	3.12959487e-04
3.04399342e+01	3.07666195e-04	3.06043202e-04
3.09076670e+01	2.99436647e-04	2.99265671e-04
3.13825870e+01	2.91409817e-04	2.92634867e-04
3.18648045e+01	2.83581051e-04	2.86133378e-04
3.23544316e+01	2.75945801e-04	2.79761601e-04
3.28515822e+01	2.68499593e-04	2.73518198e-04
3.33563720e+01	2.61238101e-04	2.67411498e-04
3.38689181e+01	2.54156942e-04	2.61426661e-04
3.43893400e+01	2.47252242e-04	2.55564456e-04
3.49177586e+01	2.40519620e-04	2.49828852e-04
3.54542967e+01	2.33955200e-04	2.44205037e-04
3.59990791e+01	2.27555076e-04	2.38704230e-04
3.65522325e+01	2.21315431e-04	2.33310259e-04
3.71138855e+01	2.15232524e-04	2.28031161e-04
3.76841688e+01	2.09302712e-04	2.22863079e-04
3.82632149e+01	2.03522421e-04	2.17800686e-04
3.88511585e+01	1.97888158e-04	2.12844829e-04
3.94481363e+01	1.92396493e-04	2.07993350e-04
4.00542871e+01	1.87044121e-04	2.03242330e-04
4.06697519e+01	1.81827746e-04	1.98581487e-04
4.12946738e+01	1.76744178e-04	1.94027620e-04
4.19291981e+01	1.71790296e-04	1.89578489e-04
4.25734723e+01	1.66963041e-04	1.85213899e-04
4.32276463e+01	1.62259427e-04	1.80940457e-04
4.38918722e+01	1.57676532e-04	1.76758119e-04
4.45663044e+01	1.53211498e-04	1.72663640e-04
4.52510998e+01	1.48861531e-04	1.68652225e-04
4.59464176e+01	1.44623909e-04	1.64725485e-04
4.66524195e+01	1.40495938e-04	1.60885518e-04
4.73692697e+01	1.36475026e-04	1.57129227e-04
4.80971348e+01	1.32558609e-04	1.53449976e-04
4.88361841e+01	1.28744207e-04	1.49847175e-04
4.95865894e+01	1.25029372e-04	1.46321905e-04
5.03485253e+01	1.21411709e-04	1.42869385e-04
5.11221690e+01	1.17888868e-04	1.39511845e-04
5.19077003e+01	1.14458640e-04	1.36269885e-04
5.27053018e+01	1.11118747e-04	1.32908152e-04
5.35151591e+01	1.07867008e-04	1.29769386e-04
5.43374605e+01	1.04701296e-04	1.26677878e-04
5.51723972e+01	1.01619550e-04	1.23648806e-04
5.60201634e+01	9.86196770e-05	1.20682679e-04
5.68809561e+01	9.56997493e-05	1.17781146e-04
5.77549755e+01	9.28577995e-05	1.14942489e-04
5.86424249e+01	9.00919293e-05	1.12165702e-04
5.95435107e+01	8.74002835e-05	1.09448415e-04
6.04584423e+01	8.47810461e-05	1.06791396e-04
6.13874326e+01	8.22324437e-05	1.04190733e-04
6.23306975e+01	7.97527428e-05	1.01647656e-04
6.32884564e+01	7.73402498e-05	9.91602543e-05
6.42609320e+01	7.49933092e-05	9.67260753e-05
6.52483504e+01	7.27103089e-05	9.43450109e-05
6.62509413e+01	7.04896534e-05	9.20230655e-05
6.72689377e+01	6.83298097e-05	8.97399467e-05
6.83025765e+01	6.62292669e-05	8.75132435e-05
6.93520978e+01	6.41865516e-05	8.53353201e-05
7.04177459e+01	6.22002241e-05	8.32052256e-05
7.14997685e+01	6.02688770e-05	8.11228592e-05
7.25984172e+01	5.83911348e-05	7.90860796e-05
7.37139475e+01	5.65656536e-05	7.70959728e-05
7.48466187e+01	5.47911207e-05	7.51474971e-05
7.59966943e+01	5.30662539e-05	7.32441438e-05
7.71644417e+01	5.13898010e-05	7.13819774e-05
7.83501325e+01	4.97605387e-05	6.95623928e-05
7.95540423e+01	4.81772723e-05	6.77836298e-05
8.07764510e+01	4.66388348e-05	6.60460579e-05
8.20176431e+01	4.51440863e-05	6.43452712e-05
8.32779069e+01	4.36919133e-05	6.26848525e-05
8.45575357e+01	4.22812287e-05	6.10615923e-05
8.58568270e+01	4.09109705e-05	5.94754865e-05
8.71760829e+01	3.95801016e-05	5.79244196e-05
8.85156102e+01	3.82876092e-05	5.64095105e-05
8.98757203e+01	3.70325045e-05	5.49293232e-05
9.12567296e+01	3.58138254e-05	5.34824451e-05
9.26589591e+01	3.46306194e-05	5.20690053e-05
9.40827350e+01	3.34819715e-05	5.06879011e-05
9.55283882e+01	3.23669830e-05	4.93386594e-05
9.69962551e+01	3.12847763e-05	4.80204833e-05
9.84866768e+01	3.02344946e-05	4.67332553e-05
1.00000000e+02	2.92153014e-05	4.54759460e-05
1.01536577e+02	2.82263798e-05	4.42477565e-05
1.03096764e+02	2.72669322e-05	4.30481461e-05
1.04680925e+02	2.63361804e-05	4.18759922e-05
1.06289427e+02	2.54333644e-05	4.07327200e-05
1.07922646e+02	2.45577427e-05	3.96146772e-05
1.09580960e+02	2.37085915e-05	3.85229203e-05
1.11264755e+02	2.28852046e-05	3.74583626e-05
1.12974423e+02	2.20868924e-05	3.64188813e-05
1.14710362e+02	2.13129823e-05	3.54035287e-05
1.16472974e+02	2.05628176e-05	3.44123655e-05
1.18262671e+02	1.98357577e-05	3.34455941e-05
1.20079867e+02	1.91311775e-05	3.25015154e-05
1.21924986e+02	1.84484669e-05	3.15798747e-05
1.23798457e+02	1.77870308e-05	3.06816988e-05
1.25700715e+02	1.71462884e-05	2.98039878e-05
1.27632203e+02	1.65256732e-05	2.89485611e-05
1.29593369e+02	1.59246325e-05	2.81130001e-05
1.31584671e+02	1.53426271e-05	2.73016372e-05
1.33606570e+02	1.47791311e-05	2.65037765e-05
1.35659537e+02	1.42336314e-05	2.57286179e-05
1.37744050e+02	1.37056278e-05	2.49728385e-05
1.39860593e+02	1.31946320e-05	2.42357426e-05
1.42009658e+02	1.27001683e-05	2.35167918e-05
1.44191745e+02	1.22217721e-05	2.28156951e-05
1.46407361e+02	1.17589910e-05	2.21322429e-05
1.48657023e+02	1.13113835e-05	2.14657881e-05
1.50941252e+02	1.08785193e-05	2.08165181e-05
1.53260580e+02	1.04599785e-05	2.01833835e-05
1.55615546e+02	1.00553521e-05	1.95661251e-05
1.58006698e+02	9.66424111e-06	1.89645566e-05
1.60434592e+02	9.28625670e-06	1.83791483e-05
1.62899792e+02	8.92101952e-06	1.78080023e-05
1.65402872e+02	8.56816081e-06	1.72520731e-05
1.67944414e+02	8.22731968e-06	1.67103698e-05
1.70525008e+02	7.89814534e-06	1.61830005e-05
1.73145256e+02	7.58029571e-06	1.56690160e-05
1.75805765e+02	7.27343741e-06	1.51689882e-05
1.78507155e+02	6.97724559e-06	1.46820983e-05
1.81250054e+02	6.69140370e-06	1.42074843e-05
1.84035100e+02	6.41560335e-06	1.37459160e-05
1.86862941e+02	6.14954406e-06	1.32969828e-05
1.89734233e+02	5.89293312e-06	1.28595693e-05
1.92649644e+02	5.64548539e-06	1.24341267e-05
1.95609854e+02	5.40692313e-06	1.20202196e-05
1.98615549e+02	5.17697581e-06	1.16175027e-05
2.01667429e+02	4.95537999e-06	1.12258900e-05
2.04766203e+02	4.74187909e-06	1.08449471e-05
2.07912593e+02	4.53622327e-06	1.04745424e-05
2.11107329e+02	4.33816926e-06	1.01144852e-05
2.14351155e+02	4.14748021e-06	9.76425945e-06
2.17644825e+02	3.96392555e-06	9.42411112e-06
2.20989104e+02	3.78728080e-06	9.09346183e-06
2.24384771e+02	3.61732748e-06	8.77181129e-06
2.27832615e+02	3.45385294e-06	8.45964317e-06
2.31333437e+02	3.29665020e-06	8.15661860e-06
2.34888053e+02	3.14551788e-06	7.86208656e-06
2.38497287e+02	3.00026001e-06	7.57638195e-06
2.42161981e+02	2.86068591e-06	7.29862377e-06
2.45882985e+02	2.72661009e-06	7.02942772e-06
2.49661165e+02	2.59785210e-06	6.76827728e-06
2.53497400e+02	2.47423644e-06	6.51449771e-06
2.57392582e+02	2.35559240e-06	6.26841332e-06
2.61347616e+02	2.24175397e-06	6.02973353e-06
2.65363422e+02	2.13255975e-06	5.79817672e-06
2.69440935e+02	2.02785277e-06	5.57383913e-06
2.73581101e+02	1.92748048e-06	5.35628348e-06
2.77784884e+02	1.83129455e-06	5.14550572e-06
2.82053261e+02	1.73915084e-06	4.94125694e-06
2.86387226e+02	1.65090924e-06	4.74343611e-06
2.90787785e+02	1.56643364e-06	4.55184572e-06
2.95255962e+02	1.48559175e-06	4.36636817e-06
2.99792796e+02	1.40825509e-06	4.18686235e-06
3.04399342e+02	1.33429884e-06	4.01316477e-06
3.09076670e+02	1.26360179e-06	3.84494989e-06
3.13825870e+02	1.19604621e-06	3.68238983e-06
3.18648045e+02	1.13151781e-06	3.52516451e-06
3.23544316e+02	1.06990563e-06	3.37325188e-06
3.28515822e+02	1.01110195e-06	3.22646504e-06
3.33563720e+02	9.55002254e-07	3.08471810e-06
3.38689181e+02	9.01505099e-07	2.94775471e-06
3.43893400e+02	8.50512076e-07	2.81547577e-06
3.49177586e+02	8.01927723e-07	2.68785668e-06
3.54542967e+02	7.55659453e-07	2.56468204e-06
3.59990791e+02	7.11617486e-07	2.44588682e-06
3.65522325e+02	6.69714783e-07	2.33137390e-06
3.71138855e+02	6.29866972e-07	2.22098925e-06
3.76841688e+02	5.91992290e-07	2.11464029e-06
3.82632149e+02	5.56011517e-07	2.01222863e-06
3.88511585e+02	5.21847910e-07	1.91361386e-06
3.94481363e+02	4.89427152e-07	1.81872012e-06
4.00542871e+02	4.58677285e-07	1.72743349e-06
4.06697519e+02	4.29528655e-07	1.63966627e-06
4.12946738e+02	4.01913858e-07	1.55534962e-06
4.19291981e+02	3.75767685e-07	1.47431718e-06
4.25734723e+02	3.51027068e-07	1.39649027e-06
4.32276463e+02	3.27631031e-07	1.32181134e-06
4.38918722e+02	3.05520636e-07	1.25019742e-06
4.45663044e+02	2.84638939e-07	1.18149473e-06
4.52510998e+02	2.64930938e-07	1.11568419e-06
4.59464176e+02	2.46343529e-07	1.05264641e-06
4.66524195e+02	2.28825464e-07	9.92290316e-07
4.73692697e+02	2.12327299e-07	9.34567862e-07
4.80971348e+02	1.96801359e-07	8.79369175e-07
4.88361841e+02	1.82201692e-07	8.26616931e-07
4.95865894e+02	1.68484030e-07	7.76259015e-07
5.03485253e+02	1.55605746e-07	7.28208530e-07
5.11221690e+02	1.43525817e-07	6.82391537e-07
5.19077003e+02	1.32204788e-07	6.38742190e-07
5.27053018e+02	1.21604726e-07	5.97175943e-07
5.35151591e+02	1.11689192e-07	5.57639505e-07
5.43374605e+02	1.02423195e-07	5.20045058e-07
5.51723972e+02	9.37731616e-08	4.84362895e-07
5.60201634e+02	8.57068962e-08	4.50494223e-07
5.68809561e+02	7.81935441e-08	4.18390123e-07
5.77549755e+02	7.12035550e-08	3.87993658e-07
5.86424249e+02	6.47086456e-08	3.59250920e-07
5.95435107e+02	5.86817622e-08	3.32075673e-07
6.04584423e+02	5.30970417e-08	3.06427006e-07
6.13874326e+02	4.79297735e-08	2.82246563e-07
6.23306975e+02	4.31563594e-08	2.59481291e-07
6.32884564e+02	3.87542728e-08	2.38067956e-07
6.42609320e+02	3.47020182e-08	2.17958547e-07
6.52483504e+02	3.09790878e-08	1.99098472e-07
6.62509413e+02	2.75659815e-08	1.81447436e-07
6.72689377e+02	2.44439073e-08	1.64947511e-07
6.83025765e+02	2.15951281e-08	1.49548448e-07
6.93520978e+02	1.90026498e-08	1.35212502e-07
7.04177459e+02	1.66502442e-08	1.21884890e-07
7.14997685e+02	1.45224415e-08	1.09524107e-07
7.25984172e+02	1.26043313e-08	9.80829243e-08
7.37139475e+02	1.08817580e-08	8.75191059e-08
7.48466187e+02	9.34111597e-09	7.77895230e-08
7.59966943e+02	7.96935304e-09	6.88524886e-08
7.71644417e+02	6.75393515e-09	6.06677606e-08
7.83501325e+02	5.68281517e-09	5.31959066e-08
7.95540423e+02	4.74440673e-09	4.63975453e-08
8.07764510e+02	3.92756356e-09	4.02335418e-08
8.20176431e+02	3.22158709e-09	3.46696556e-08
8.32779069e+02	2.61612817e-09	2.96674360e-08
8.45575357e+02	2.10132835e-09	2.51930831e-08
8.58568270e+02	1.66772767e-09	2.12125079e-08
8.71760829e+02	1.30632344e-09	1.76951402e-08
8.85156102e+02	1.00853696e-09	1.45999415e-08
8.98757203e+02	7.66235685e-10	1.19015495e-08
9.12567296e+02	5.71879052e-10	9.56867716e-09
9.26589591e+02	4.18449726e-10	7.57208856e-09
9.40827350e+02	2.99397647e-10	5.88158245e-09
9.55283882e+02	2.08861099e-10	4.46984815e-09
9.69962551e+02	1.41543242e-10	3.30889710e-09
9.84866768e+02	9.27605797e-11	2.37270461e-09
1.00000000e+03	5.84434221e-11	1.63479499e-09
