# W_Value Elastic Inelastic
1.00000000e+01	2.65785075e+02	7.00444623e+01
1.01536577e+01	2.55643337e+02	6.75492128e+01
1.03096764e+01	2.45878327e+02	6.51403199e+01
1.04680925e+01	2.36476380e+02	6.28150293e+01
1.06289427e+01	2.27424321e+02	6.05705221e+01
1.07922646e+01	2.18709442e+02	5.84041481e+01
1.09580960e+01	2.10319483e+02	5.63133042e+01
1.11264755e+01	2.02242626e+02	5.42948061e+01
1.12974423e+01	1.94467469e+02	5.23464520e+01
1.14710362e+01	1.86983017e+02	5.04663139e+01
1.16472974e+01	1.79778669e+02	4.86517384e+01
1.18262671e+01	1.72844201e+02	4.69005260e+01
1.20079867e+01	1.66169753e+02	4.52105284e+01
1.21924986e+01	1.59745818e+02	4.35796668e+01
1.23798457e+01	1.53563230e+02	4.20059276e+01
1.25700715e+01	1.47613148e+02	4.04873549e+01
1.27632203e+01	1.41887051e+02	3.90220560e+01
1.29593369e+01	1.36376722e+02	3.76081917e+01
1.31584671e+01	1.31074236e+02	3.62439601e+01
1.33606570e+01	1.25971957e+02	3.49278817e+01
1.35659537e+01	1.21062519e+02	3.36583431e+01
1.37744050e+01	1.16338825e+02	3.24336944e+01
1.39860593e+01	1.11794029e+02	3.12523540e+01
1.42009658e+01	1.07421533e+02	3.01126115e+01
1.44191745e+01	1.03214979e+02	2.90130325e+01
1.46407361e+01	9.91682338e+01	2.79523002e+01
1.48657023e+01	9.52753894e+01	2.69291482e+01
1.50941252e+01	9.15307491e+01	2.59423407e+01
1.53260580e+01	8.79288223e+01	2.49906290e+01
1.55615546e+01	8.44643172e+01	2.40726706e+01
1.58006698e+01	8.11321334e+01	2.31871252e+01
1.60434592e+01	7.79273553e+01	2.23330938e+01
1.62899792e+01	7.48452455e+01	2.15096218e+01
1.65402872e+01	7.18812383e+01	2.07154809e+01
1.67944414e+01	6.90309340e+01	1.99496798e+01
1.70525008e+01	6.62900926e+01	1.92112502e+01
1.73145256e+01	6.36546284e+01	1.84992358e+01
1.75805765e+01	6.11206044e+01	1.78127218e+01
1.78507155e+01	5.86842269e+01	1.71508181e+01
1.81250054e+01	5.63418406e+01	1.65126654e+01
1.84035100e+01	5.40899238e+01	1.58974240e+01
1.86862941e+01	5.19250829e+01	1.53042770e+01
1.89734233e+01	4.98440488e+01	1.47325679e+01
1.92649644e+01	4.78436717e+01	1.41815607e+01
1.95609854e+01	4.59209174e+01	1.36504959e+01
1.98615549e+01	4.40728626e+01	1.31386569e+01
2.01667429e+01	4.22966915e+01	1.26452518e+01
2.04766203e+01	4.05896913e+01	1.21696603e+01
2.07912593e+01	3.89492494e+01	1.17113094e+01
2.11107329e+01	3.73728487e+01	1.12696311e+01
2.14351155e+01	3.58580651e+01	1.08440344e+01
2.17644825e+01	3.44025638e+01	1.04339321e+01
2.20989104e+01	3.30040958e+01	1.00387406e+01
2.24384771e+01	3.16604955e+01	9.65783987e+00
2.27832615e+01	3.03696771e+01	9.29084422e+00
2.31333437e+01	2.91296318e+01	8.93733687e+00
2.34888053e+01	2.79384254e+01	8.59674990e+00
2.38497287e+01	2.67941952e+01	8.26862965e+00
2.42161981e+01	2.56951475e+01	7.95254966e+00
2.45882985e+01	2.46395553e+01	7.64808147e+00
2.49661165e+01	2.36257557e+01	7.35480933e+00
2.53497400e+01	2.26521476e+01	7.07233593e+00
2.57392582e+01	2.17171896e+01	6.80027803e+00
2.61347616e+01	2.08193976e+01	6.53825495e+00
2.65363422e+01	1.99573430e+01	6.28581007e+00
2.69440935e+01	1.91296502e+01	6.04307541e+00
2.73581101e+01	1.83349953e+01	5.80939004e+00
2.77784884e+01	1.75721039e+01	5.58410022e+00
2.82053261e+01	1.68397492e+01	5.36730787e+00
2.86387226e+01	1.61367504e+01	5.15852740e+00
2.90787785e+01	1.54619710e+01	4.95749917e+00
2.95255962e+01	1.48143172e+01	4.76397432e+00
2.99792796e+01	1.41927363e+01	4.57768743e+00
3.04399342e+01	1.35962151e+01	4.39837970e+00
3.09076670e+01	1.30237788e+01	4.22579645e+00
3.13825870e+01	1.24744892e+01	4.05968678e+00
3.18648045e+01	1.19474435e+01	3.89981737e+00
3.23544316e+01	1.14417731e+01	3.74596834e+00
3.28515822e+01	1.09566422e+01	3.59791918e+00
3.33563720e+01	1.04912467e+01	3.45545908e+00
3.38689181e+01	1.00448128e+01	3.31838823e+00
3.43893400e+01	9.61659660e+00	3.18651184e+00
3.49177586e+01	9.20588171e+00	3.05963662e+00
3.54542967e+01	8.81197919e+00	2.93757958e+00
3.59990791e+01	8.43422672e+00	2.82016734e+00
3.65522325e+01	8.07198698e+00	2.70723029e+00
3.71138855e+01	7.72464699e+00	2.59860556e+00
3.76841688e+01	7.39161718e+00	2.49413701e+00
3.82632149e+01	7.07233053e+00	2.39366990e+00
3.88511585e+01	6.76624173e+00	2.29705523e+00
3.94481363e+01	6.47282638e+00	2.20415344e+00
4.00542871e+01	6.19158020e+00	2.11482773e+00
4.06697519e+01	5.92201829e+00	2.02894629e+00
4.12946738e+01	5.66367439e+00	1.94638175e+00
4.19291981e+01	5.41610023e+00	1.86701056e+00
4.25734723e+01	5.17886480e+00	1.79071508e+00
4.32276463e+01	4.95155375e+00	1.71738265e+00
4.38918722e+01	4.73376874e+00	1.64690325e+00
4.45663044e+01	4.52512685e+00	1.57916863e+00
4.52510998e+01	4.32526000e+00	1.51407710e+00
4.59464176e+01	4.13381438e+00	1.45153111e+00
4.66524195e+01	3.95044995e+00	1.39143456e+00
4.73692697e+01	3.77483988e+00	1.33369561e+00
4.80971348e+01	3.60667009e+00	1.27822741e+00
4.88361841e+01	3.44563873e+00	1.22494513e+00
4.95865894e+01	3.29145573e+00	1.17376658e+00
5.03485253e+01	3.14384237e+00	1.12461178e+00
5.11221690e+01	3.00253087e+00	1.07740364e+00
5.19077003e+01	2.86726391e+00	1.03206953e+00
5.27053018e+01	2.73779430e+00	9.88538730e-01
5.35151591e+01	2.61388453e+00	9.46742670e-01
5.43374605e+01	2.49530649e+00	9.06615678e-01
5.51723972e+01	2.38184103e+00	8.68094842e-01
5.60201634e+01	2.27327766e+00	8.31118826e-01
5.68809561e+01	2.16941421e+00	7.95628641e-01
5.77549755e+01	2.07005653e+00	7.61567531e-01
5.86424249e+01	1.97501813e+00	7.28881117e-01
5.95435107e+01	1.88411996e+00	6.97516726e-01
6.04584423e+01	1.79719006e+00	6.67423449e-01
6.13874326e+01	1.71406334e+00	6.38552737e-01
6.23306975e+01	1.63458129e+00	6.10857578e-01
6.32884564e+01	1.55859171e+00	5.84283478e-01
6.42609320e+01	1.48594850e+00	5.58795286e-01
6.52483504e+01	1.41651141e+00	5.34360273e-01
6.62509413e+01	1.35014583e+00	5.10929001e-01
6.72689377e+01	1.28672255e+00	4.88462144e-01
6.83025765e+01	1.22611755e+00	4.66922708e-01
6.93520978e+01	1.16821182e+00	4.46274636e-01
7.04177459e+01	1.11289114e+00	4.26483161e-01
7.14997685e+01	1.06004592e+00	4.07514436e-01
7.25984172e+01	1.00957101e+00	3.89335685e-01
7.37139475e+01	9.61365511e-01	3.71916542e-01
7.48466187e+01	9.15332639e-01	3.55227095e-01
7.59966943e+01	8.71379541e-01	3.39238308e-01
7.71644417e+01	8.29417151e-01	3.23922266e-01
7.83501325e+01	7.89360040e-01	3.09252726e-01
7.95540423e+01	7.51126275e-01	2.95204043e-01
8.07764510e+01	7.14637277e-01	2.81751301e-01
8.20176431e+01	6.79817695e-01	2.68870828e-01
8.32779069e+01	6.46595276e-01	2.56539651e-01
8.45575357e+01	6.14900742e-01	2.44735923e-01
8.58568270e+01	5.84667675e-01	2.33438444e-01
8.71760829e+01	5.55832400e-01	2.22626956e-01
8.85156102e+01	5.28333882e-01	2.12281800e-01
8.98757203e+01	5.02113618e-01	2.02379656e-01
9.12567296e+01	4.77115534e-01	1.92906678e-01
9.26589591e+01	4.53285896e-01	1.83849872e-01
9.40827350e+01	4.30573212e-01	1.75188067e-01
9.55283882e+01	4.08928138e-01	1.66905280e-01
9.69962551e+01	3.88303401e-01	1.58986120e-01
9.84866768e+01	3.68653709e-01	1.51415612e-01
1.00000000e+02	3.49935676e-01	1.44179530e-01
1.01536577e+02	3.32107745e-01	1.37263991e-01
1.03096764e+02	3.15130111e-01	1.30655643e-01
1.04680925e+02	2.98964654e-01	1.24341838e-01
1.06289427e+02	2.83574872e-01	1.18310268e-01
1.07922646e+02	2.68925812e-01	1.12549276e-01
1.09580960e+02	2.54984010e-01	1.07047629e-01
1.11264755e+02	2.41717431e-01	1.01794561e-01
1.12974423e+02	2.29095406e-01	9.67795638e-02
1.14710362e+02	2.17088583e-01	9.19926352e-02
1.16472974e+02	2.05668870e-01	8.74241109e-02
1.18262671e+02	1.94809384e-01	8.30646205e-02
1.20079867e+02	1.84484400e-01	7.89053993e-02
1.21924986e+02	1.74669308e-01	7.49379460e-02
1.23798457e+02	1.65340563e-01	7.11541761e-02
1.25700715e+02	1.56475642e-01	6.75461665e-02
1.27632203e+02	1.48053004e-01	6.41062481e-02
1.29593369e+02	1.40052047e-01	6.08272555e-02
1.31584671e+02	1.32453070e-01	5.77022128e-02
1.33606570e+02	1.25237238e-01	5.47244302e-02
1.35659537e+02	1.18386541e-01	5.18876398e-02
1.37744050e+02	1.11883765e-01	4.91856808e-02
1.39860593e+02	1.05712456e-01	4.66126268e-02
1.42009658e+02	9.98568864e-02	4.41628009e-02
1.44191745e+02	9.43020308e-02	4.18307255e-02
1.46407361e+02	8.90335309e-02	3.96112691e-02
1.48657023e+02	8.40376697e-02	3.74994304e-02
1.50941252e+02	7.93013440e-02	3.54904127e-02
1.53260580e+02	7.48120383e-02	3.35796124e-02
1.55615546e+02	7.05578011e-02	3.17626634e-02
1.58006698e+02	6.65272199e-02	3.00353337e-02
1.60434592e+02	6.27093987e-02	2.83935546e-02
1.62899792e+02	5.90939362e-02	2.68334819e-02
1.65402872e+02	5.56709042e-02	2.53513726e-02
1.67944414e+02	5.24308280e-02	2.39436935e-02
1.70525008e+02	4.93646666e-02	2.26070426e-02
1.73145256e+02	4.64637941e-02	2.13381742e-02
1.75805765e+02	4.37199816e-02	2.01339366e-02
1.78507155e+02	4.11253808e-02	1.89913196e-02
1.81250054e+02	3.86725075e-02	1.79074623e-02
1.84035100e+02	3.63542246e-02	1.68795840e-02
1.86862941e+02	3.41637282e-02	1.59050573e-02
1.89734233e+02	3.20945330e-02	1.49814275e-02
1.92649644e+02	3.01404577e-02	1.41063042e-02
1.95609854e+02	2.82956124e-02	1.32773415e-02
1.98615549e+02	2.65543853e-02	1.24923341e-02
2.01667429e+02	2.49114308e-02	1.17491819e-02
2.04766203e+02	2.33616577e-02	1.10458802e-02
2.07912593e+02	2.19002180e-02	1.03805020e-02
2.11107329e+02	2.05224956e-02	9.75118755e-03
2.14351155e+02	1.92240969e-02	9.15617671e-03
2.17644825e+02	1.80008402e-02	8.59380036e-03
2.20989104e+02	1.68487462e-02	8.06243409e-03
2.24384771e+02	1.57640291e-02	7.56054799e-03
2.27832615e+02	1.47430879e-02	7.08668990e-03
2.31333437e+02	1.37824979e-02	6.63944695e-03
2.34888053e+02	1.28790034e-02	6.21747030e-03
2.38497287e+02	1.20295091e-02	5.81949026e-03
2.42161981e+02	1.12310732e-02	5.44429076e-03
2.45882985e+02	1.04809004e-02	5.09070310e-03
2.49661165e+02	9.77633517e-03	4.75762682e-03
2.53497400e+02	9.11485515e-03	4.44398975e-03
2.57392582e+02	8.49406522e-03	4.14877691e-03
2.61347616e+02	7.91169158e-03	3.87103441e-03
2.65363422e+02	7.36557624e-03	3.60984162e-03
2.69440935e+02	6.85367130e-03	3.36432128e-03
2.73581101e+02	6.37403390e-03	3.13363920e-03
2.77784884e+02	5.92482149e-03	2.91700292e-03
2.82053261e+02	5.50428688e-03	2.71365053e-03
2.86387226e+02	5.11077390e-03	2.52286630e-03
2.90787785e+02	4.74271289e-03	2.34396923e-03
2.95255962e+02	4.39861675e-03	2.17630256e-03
2.99792796e+02	4.07707692e-03	2.01925091e-03
3.04399342e+02	3.77675966e-03	1.87221780e-03
3.09076670e+02	3.49640246e-03	1.73463426e-03
3.13825870e+02	3.23481036e-03	1.60597638e-03
3.18648045e+02	2.99085288e-03	1.48573296e-03
3.23544316e+02	2.76346095e-03	1.37341300e-03
3.28515822e+02	2.55162363e-03	1.26856450e-03
3.33563720e+02	2.35438556e-03	1.17075744e-03
3.38689181e+02	2.17084401e-03	1.07958085e-03
3.43893400e+02	2.00014634e-03	9.94643820e-04
3.49177586e+02	1.84148744e-03	9.15569143e-04
3.54542967e+02	1.69410731e-03	8.42002767e-04
3.59990791e+02	1.55728895e-03	7.73616431e-04
3.65522325e+02	1.43035613e-03	7.10091960e-04
3.71138855e+02	1.31267120e-03	6.51129130e-04
3.76841688e+02	1.20363321e-03	5.96448307e-04
3.82632149e+02	1.10267606e-03	5.45780844e-04
3.88511585e+02	1.00926667e-03	4.98870351e-04
3.94481363e+02	9.22903215e-04	4.55476312e-04
4.00542871e+02	8.43113538e-04	4.15371859e-04
4.06697519e+02	7.69453601e-04	3.78342301e-04
4.12946738e+02	7.01505925e-04	3.44186384e-04
4.19291981e+02	6.38878255e-04	3.12713105e-04
4.25734723e+02	5.81202223e-04	2.83740629e-04
4.32276463e+02	5.28131963e-04	2.57098652e-04
4.38918722e+02	4.79343019e-04	2.32628101e-04
4.45663044e+02	4.34531134e-04	2.10177748e-04
4.52510998e+02	3.93411067e-04	1.89605058e-04
4.59464176e+02	3.55715613e-04	1.70776347e-04
4.66524195e+02	3.21194627e-04	1.53566159e-04
4.73692697e+02	2.89614007e-04	1.37856458e-04
4.80971348e+02	2.60754785e-04	1.23536086e-04
4.88361841e+02	2.34412295e-04	1.10500814e-04
4.95865894e+02	2.10395376e-04	9.86533525e-05
5.03485253e+02	1.88525541e-04	8.79023868e-05
5.11221690e+02	1.68636259e-04	7.81622071e-05
5.19077003e+02	1.50572257e-04	6.93527032e-05
5.27053018e+02	1.34188845e-04	6.13988528e-05
5.35151591e+02	1.19351287e-04	5.42308402e-05
5.43374605e+02	1.05934198e-04	4.77834156e-05
5.51723972e+02	9.38209748e-05	4.19956791e-05
5.60201634e+02	8.29032571e-05	3.68110856e-05
5.68809561e+02	7.30804285e-05	3.21769640e-05
5.77549755e+02	6.42591063e-05	2.80443589e-05
5.86424249e+02	5.63527082e-05	2.43678991e-05
5.95435107e+02	4.92810092e-05	2.11055703e-05
6.04584423e+02	4.29697224e-05	1.82184296e-05
6.13874326e+02	3.73501419e-05	1.56704710e-05
6.23306975e+02	3.23587609e-05	1.34284851e-05
6.32884564e+02	2.79369206e-05	1.14618061e-05
6.42609320e+02	2.40305051e-05	9.74234031e-06
6.52483504e+02	2.05896356e-05	8.24429444e-06
6.62509413e+02	1.75683806e-05	6.94394537e-06
6.72689377e+02	1.49244839e-05	5.81960301e-06
6.83025765e+02	1.26191300e-05	4.85150892e-06
6.93520978e+02	1.06167048e-05	4.02165557e-06
7.04177459e+02	8.88457140e-06	3.31367729e-06
7.14997685e+02	7.39286806e-06	2.71272556e-06
7.25984172e+02	6.11431534e-06	2.20541020e-06
7.37139475e+02	5.02404551e-06	1.77965171e-06
7.48466187e+02	4.09943485e-06	1.42459818e-06
7.59966943e+02	3.31995483e-06	1.13054003e-06
7.71644417e+02	2.66702444e-06	8.88796469e-07
7.83501325e+02	2.12387179e-06	6.91665434e-07
7.95540423e+02	1.67541336e-06	5.32329529e-07
8.07764510e+02	1.30813484e-06	4.04788744e-07
8.20176431e+02	1.00998110e-06	3.03784444e-07
8.32779069e+02	7.70252116e-07	2.24720362e-07
8.45575357e+02	5.79503614e-07	1.63619397e-07
8.58568270e+02	4.29451516e-07	1.17064289e-07
8.71760829e+02	3.12880499e-07	8.21317186e-08
8.85156102e+02	2.23554839e-07	5.63505903e-08
8.98757203e+02	1.56135981e-07	3.76712639e-08
9.12567296e+02	1.06097644e-07	2.44151075e-08
9.26589591e+02	6.96456555e-08	1.52269461e-08
9.40827350e+02	4.36396388e-08	9.02845790e-09
9.55283882e+02	2.55174320e-08	4.97588037e-09
9.69962551e+02	1.32231773e-08	2.42193261e-09
9.84866768e+02	5.13479625e-09	8.81353672e-10
